0.999999940 0.000000000 0.000000000 -0.000000000 0.000000000 1.000000000 0.000000000 -0.000000060 0.000000000 0.000000000 1.000000000 0.000000000
0.999990821 0.001232685 -0.004091691 -0.010003706 -0.001239073 0.999998033 -0.001559066 -0.003252849 0.004089761 0.001564122 0.999990404 0.689001143
0.999968708 0.001422845 -0.007772311 -0.024346136 -0.001445827 0.999994576 -0.002952053 -0.003188950 0.007768068 0.002963199 0.999965429 1.395503044
0.999917924 0.002592407 -0.012549227 -0.038397465 -0.002640598 0.999989331 -0.003825108 -0.000483816 0.012539175 0.003857932 0.999913931 2.135300636
0.999856293 0.001637166 -0.016870059 -0.053412203 -0.001701851 0.999991238 -0.003820641 -0.010679385 0.016863661 0.003848802 0.999850392 2.875229120
0.999764025 0.003344159 -0.021464691 -0.077996328 -0.003455466 0.999980867 -0.005150549 -0.013721976 0.021447059 0.005223504 0.999756336 3.632673979
0.999639153 0.005884091 -0.026207976 -0.106849767 -0.006038031 0.999964952 -0.005798484 -0.022292875 0.026172943 0.005954637 0.999639690 4.406822205
0.999515891 0.006429100 -0.030441191 -0.137417734 -0.006558754 0.999969900 -0.004161244 -0.028665192 0.030413521 0.004358886 0.999527872 5.188539028
0.999376416 0.005549207 -0.034871869 -0.170800313 -0.005617909 0.999982595 -0.001872443 -0.029591748 0.034860868 0.002067183 0.999390066 5.999497890
0.999257386 0.005484627 -0.038139652 -0.207002521 -0.005448232 0.999984682 0.001058116 -0.039510269 0.038144879 -0.000849536 0.999271929 6.812592983
0.999141097 0.006812085 -0.040874101 -0.247337431 -0.006810342 0.999976814 0.000181896 -0.044840302 0.040874396 0.000096628 0.999164283 7.629757881
0.999056101 0.006362008 -0.042969722 -0.291817695 -0.006370030 0.999979734 -0.000049788 -0.049955655 0.042968538 0.000323459 0.999076307 8.461504936
0.998997569 0.003499093 -0.044626925 -0.331654608 -0.003525118 0.999993682 -0.000504489 -0.055176146 0.044624876 0.000661298 0.999003589 9.295429230
0.998886704 0.003338617 -0.047055129 -0.367457271 -0.003332746 0.999994516 0.000203229 -0.060725559 0.047055554 -0.000046181 0.998892248 10.144773483
0.998826861 0.001617173 -0.048396423 -0.414821982 -0.001618981 0.999998689 0.000001828 -0.068496324 0.048396368 0.000076527 0.998828173 10.996073723
0.998736501 0.004041691 -0.050089668 -0.464784980 -0.004153200 0.999989152 -0.002122302 -0.077117175 0.050080553 0.002327654 0.998742521 11.852404594
0.998675466 0.004343196 -0.051267367 -0.519347668 -0.004592167 0.999978244 -0.004739528 -0.085428633 0.051245674 0.004968679 0.998673737 12.726542473
0.998542070 0.008360309 -0.053327695 -0.570362329 -0.008717878 0.999941051 -0.006476047 -0.096575417 0.053270407 0.006931510 0.998556137 13.608508110
0.998495400 0.009217669 -0.054054856 -0.620983303 -0.009554401 0.999936521 -0.005974326 -0.110894248 0.053996362 0.006481800 0.998520076 14.475731850
0.998425007 0.008170772 -0.055504467 -0.672976792 -0.008421909 0.999955356 -0.004292210 -0.125070393 0.055466924 0.004752905 0.998449206 15.367871284
0.998337030 0.009156752 -0.056915067 -0.726883829 -0.009363777 0.999950409 -0.003371830 -0.129120037 0.056881379 0.003899163 0.998373330 16.262941360
0.998297453 0.008539116 -0.057698876 -0.781029642 -0.008707363 0.999958515 -0.002665128 -0.147911400 0.057673719 0.003162996 0.998330474 17.170085907
0.998215199 0.008355243 -0.059130937 -0.841162920 -0.008578811 0.999956965 -0.003528041 -0.157878220 0.059098911 0.004029018 0.998244047 18.075645447
0.998167634 0.006877830 -0.060116496 -0.899404287 -0.007138676 0.999966025 -0.004125310 -0.171660662 0.060086075 0.004546904 0.998182833 18.991426468
0.998119533 0.006933772 -0.060904715 -0.951770782 -0.007101334 0.999971569 -0.002535203 -0.179470256 0.060885403 0.002962940 0.998140395 19.898244858
0.998116553 0.008260778 -0.060788382 -1.016540170 -0.008213872 0.999965668 0.001021509 -0.188636109 0.060794745 -0.000520277 0.998150110 20.823768616
0.998162329 0.008848824 -0.059946541 -1.074451447 -0.008571669 0.999951363 0.004878957 -0.200429678 0.059986796 -0.004356149 0.998189688 21.746732712
0.998264611 0.007404495 -0.058418881 -1.126078606 -0.006966449 0.999946058 0.007698439 -0.203618512 0.058472738 -0.007278108 0.998262644 22.672666550
0.998349607 0.007646951 -0.056917045 -1.184217095 -0.007191801 0.999940515 0.008197277 -0.202726305 0.056976348 -0.007774413 0.998345315 23.614204407
0.998430967 0.008188718 -0.055394921 -1.240761638 -0.007904964 0.999954462 0.005339566 -0.207702413 0.055436127 -0.004893293 0.998450339 24.547271729
0.998473942 0.008935397 -0.054497182 -1.292486906 -0.008901726 0.999960065 0.000860513 -0.218184203 0.054502696 -0.000374081 0.998513520 25.489353180
0.998565435 0.008112425 -0.052927911 -1.349522829 -0.008229004 0.999964237 -0.001985049 -0.225641042 0.052909918 0.002417745 0.998596311 26.431039810
0.998631477 0.005803755 -0.051974934 -1.407937765 -0.005845066 0.999982655 -0.000642884 -0.236079365 0.051970307 0.000945801 0.998648167 27.397417068
0.998601377 0.003668584 -0.052743845 -1.446885347 -0.003452952 0.999985337 0.004178832 -0.242935702 0.052758399 -0.003990865 0.998599350 28.363422394
0.998570323 -0.000217161 -0.053453211 -1.500322938 0.000626647 0.999970615 0.007643996 -0.250572771 0.053449977 -0.007666564 0.998541117 29.337226868
0.998473883 -0.007295138 -0.054743718 -1.544898629 0.007692112 0.999945641 0.007044271 -0.256920815 0.054689344 -0.007454615 0.998475552 30.305908203
0.998389900 -0.009294698 -0.055957288 -1.594743490 0.009480764 0.999950409 0.003060614 -0.261227727 0.055926062 -0.003586203 0.998428464 31.275838852
0.998313844 -0.009021898 -0.057341196 -1.655031800 0.008980856 0.999959171 -0.000973435 -0.265478849 0.057347637 0.000456821 0.998354137 32.250320435
0.998235106 -0.007861269 -0.058861647 -1.734460115 0.007780983 0.999968529 -0.001593066 -0.272512585 0.058872320 0.001132253 0.998264849 33.233711243
0.998151779 -0.007969344 -0.060245097 -1.777499795 0.007971219 0.999968112 -0.000209226 -0.283298701 0.060244855 -0.000271388 0.998183548 34.227962494
0.998097003 -0.005020642 -0.061458461 -1.845647693 0.005190714 0.999983072 0.002607923 -0.294255495 0.061444335 -0.002921974 0.998106182 35.224246979
0.998004675 -0.005176059 -0.062927812 -1.906141162 0.005445172 0.999976754 0.004105766 -0.306426167 0.062905096 -0.004440225 0.998009622 36.220516205
0.997952759 -0.004014250 -0.063831203 -1.975432396 0.004439677 0.999968886 0.006524413 -0.309429586 0.063803025 -0.006794444 0.997939408 37.198883057
0.997982502 -0.003745679 -0.063379198 -2.045793295 0.004369135 0.999943435 0.009701189 -0.319648325 0.063339278 -0.009958527 0.997942388 38.204277039
0.997941434 0.002120075 -0.064098433 -2.115612984 -0.001366402 0.999929488 0.011799622 -0.319020987 0.064118922 -0.011687747 0.997873783 39.186546326
0.997932196 0.002353303 -0.064232662 -2.193018436 -0.001645956 0.999937534 0.011062956 -0.320373654 0.064254686 -0.010934356 0.997873604 40.186027527
0.997934222 0.001917350 -0.064214885 -2.248548031 -0.001289616 0.999951005 0.009815543 -0.327430636 0.064230554 -0.009712455 0.997887790 41.174358368
0.997939765 0.004298805 -0.064012259 -2.327917099 -0.003830477 0.999965072 0.007437173 -0.328026235 0.064042009 -0.007176657 0.997921288 42.169616699
0.997896671 0.003981329 -0.064702496 -2.401184559 -0.003502128 0.999965668 0.007517942 -0.331726074 0.064730212 -0.007275535 0.997876227 43.147251129
0.997809052 0.001632389 -0.066138878 -2.454347610 -0.001057004 0.999961257 0.008733712 -0.338390470 0.066150576 -0.008644670 0.997772217 44.134193420
0.997747302 0.001875153 -0.067057595 -2.521584272 -0.001211423 0.999949872 0.009937203 -0.343347728 0.067072883 -0.009833583 0.997699678 45.122566223
0.997747660 0.005090774 -0.066884920 -2.602889538 -0.004684181 0.999969602 0.006234407 -0.353876233 0.066914625 -0.005907065 0.997741222 46.093704224
0.997660697 0.005194302 -0.068162188 -2.665085554 -0.005066829 0.999985099 0.002042889 -0.356537014 0.068171799 -0.001692744 0.997672141 47.055255890
0.997610986 0.006344136 -0.068789601 -2.737745285 -0.006317600 0.999979854 0.000603314 -0.359918863 0.068792038 -0.000167287 0.997630954 48.026775360
0.997620583 0.004919490 -0.068766847 -2.810701847 -0.004609144 0.999978542 0.004670957 -0.379566133 0.068788365 -0.004342886 0.997621775 48.997451782
0.997604907 0.002710227 -0.069116868 -2.865637064 -0.002187744 0.999968410 0.007633987 -0.385389328 0.069135398 -0.007464495 0.997579396 49.958404541
0.997601867 0.000972004 -0.069206215 -2.936136484 -0.000393454 0.999964774 0.008372945 -0.394657642 0.069211923 -0.008325636 0.997567296 50.922298431
0.997548878 -0.002368445 -0.069932997 -2.997053146 0.002866294 0.999971211 0.007019458 -0.398968041 0.069914371 -0.007202703 0.997527003 51.881973267
0.997537136 -0.005193502 -0.069946602 -3.062003613 0.005628616 0.999965966 0.006024986 -0.410001010 0.069912933 -0.006403850 0.997532547 52.822940826
0.997468054 -0.006618252 -0.070805706 -3.131775856 0.007146813 0.999948502 0.007214208 -0.416985482 0.070754297 -0.007701978 0.997464061 53.771148682
0.997335136 -0.010253763 -0.072232515 -3.192283869 0.011098767 0.999874592 0.011306713 -0.418402612 0.072107509 -0.012078273 0.997323811 54.724369049
0.997291386 -0.010498066 -0.072798759 -3.263360977 0.011702165 0.999801338 0.016133370 -0.420804560 0.072614938 -0.016941581 0.997216165 55.670566559
0.997284234 -0.008612079 -0.073143058 -3.341227770 0.009975344 0.999782860 0.018293515 -0.419081688 0.072969638 -0.018973466 0.997153699 56.614952087
0.997170508 -0.007367135 -0.074810416 -3.411991119 0.008455181 0.999862850 0.014237741 -0.417754591 0.074695259 -0.014829993 0.997096121 57.548171997
0.997069061 -0.005839012 -0.076284021 -3.483766556 0.006362378 0.999957740 0.006619516 -0.423020780 0.076242156 -0.007085468 0.997064173 58.457019806
0.997034729 -0.004025395 -0.076847628 -3.561158895 0.004184065 0.999989450 0.001903841 -0.430526704 0.076839156 -0.002219730 0.997040987 59.371028900
0.996989310 0.001161867 -0.077530481 -3.643795013 -0.000974124 0.999996483 0.002459311 -0.436159194 0.077533074 -0.002376383 0.996986926 60.270122528
0.996877193 0.004003365 -0.078866631 -3.725763798 -0.003625989 0.999981284 0.004927618 -0.448616922 0.078884892 -0.004626260 0.996872962 61.169315338
0.996779621 0.006268973 -0.079945616 -3.794285774 -0.005779530 0.999963105 0.006352111 -0.458879262 0.079982497 -0.005869606 0.996778905 62.043170929
0.996662140 0.006788136 -0.081354238 -3.867277622 -0.006321637 0.999962091 0.005990346 -0.464657813 0.081391826 -0.005456059 0.996667266 62.912086487
0.996519983 0.008386701 -0.082931176 -3.942988873 -0.007842468 0.999945521 0.006886042 -0.471093357 0.082984410 -0.006211692 0.996531427 63.766319275
0.996424556 0.009644754 -0.083934955 -4.021070004 -0.009025853 0.999929190 0.007749920 -0.487465322 0.084003769 -0.006964625 0.996441126 64.591789246
0.996308923 0.009449152 -0.085318148 -4.092987061 -0.008781778 0.999927819 0.008194122 -0.493346572 0.085389420 -0.007414631 0.996320128 65.415168762
0.996220112 0.008961074 -0.086401246 -4.170197964 -0.008183810 0.999922872 0.009345985 -0.499203444 0.086478330 -0.008603569 0.996216536 66.222534180
0.996061862 0.011722429 -0.087882422 -4.247041225 -0.010713560 0.999871314 0.011942678 -0.501313806 0.088011116 -0.010954114 0.996059239 67.023277283
0.995931447 0.013279207 -0.089130633 -4.320487976 -0.011874506 0.999797106 0.016271777 -0.509002090 0.089328624 -0.015147189 0.995886981 67.805824280
0.995740652 0.016927835 -0.090631403 -4.400123596 -0.015381226 0.999724388 0.017736191 -0.508402824 0.090906642 -0.016266624 0.995726585 68.578697205
0.995581627 0.019381365 -0.091877632 -4.477198124 -0.018179366 0.999738097 0.013901569 -0.516430259 0.092123002 -0.012169872 0.995673239 69.319984436
0.995437086 0.019486010 -0.093408778 -4.548148632 -0.018948348 0.999798477 0.006639610 -0.521601439 0.093519323 -0.004839372 0.995605826 70.044784546
0.995305419 0.018486561 -0.095002800 -4.614224434 -0.018492579 0.999828696 0.000817103 -0.528440595 0.095001660 0.000943581 0.995476663 70.748229980
0.995246351 0.019068142 -0.095503718 -4.684103012 -0.019201454 0.999815524 -0.000476992 -0.531380296 0.095476985 0.002308535 0.995429039 71.439521790
0.995136321 0.021937940 -0.096033037 -4.762742519 -0.021728422 0.999758661 0.003227026 -0.541230321 0.096080661 -0.001124683 0.995372951 72.116363525
0.995001733 0.022196637 -0.097358651 -4.832192421 -0.021750556 0.999747574 0.005640900 -0.557234645 0.097459272 -0.003495100 0.995233417 72.769271851
0.994980931 0.018874850 -0.098268978 -4.894626141 -0.018766850 0.999821842 0.002023323 -0.562475026 0.098289661 -0.000168968 0.995157897 73.397628784
0.995080054 0.010919227 -0.098470204 -4.940646172 -0.011258374 0.999932468 -0.002889158 -0.578827024 0.098431997 0.003983558 0.995135844 74.010169983
0.995204449 0.007011789 -0.097565137 -4.991086960 -0.007788442 0.999940932 -0.007581783 -0.588419795 0.097506203 0.008305304 0.995200336 74.606628418
0.995480418 0.009079712 -0.094531529 -5.048477173 -0.009891332 0.999918103 -0.008120679 -0.592844427 0.094450064 0.009019021 0.995488763 75.193519592
0.995806158 0.014479762 -0.090334415 -5.108538628 -0.014983631 0.999875844 -0.004902147 -0.610575795 0.090252206 0.006235127 0.995899439 75.759475708
0.996235192 0.012914751 -0.085723713 -5.155201435 -0.013108048 0.999912739 -0.001692382 -0.621282578 0.085694365 0.002809682 0.996317506 76.317779541
0.996755898 0.009258721 -0.079949580 -5.190529346 -0.009122539 0.999956191 0.002068443 -0.624169588 0.079965234 -0.001332390 0.996796727 76.863647461
0.997412980 0.004681116 -0.071731582 -5.218282700 -0.004275687 0.999974012 0.005804537 -0.640759528 0.071756892 -0.005482819 0.997407198 77.390792847
0.998091817 0.008448491 -0.061166938 -5.244058609 -0.008137722 0.999952734 0.005327995 -0.642776012 0.061209060 -0.004820069 0.998113334 77.906303406
0.998850942 0.013559094 -0.045967080 -5.270917892 -0.013349509 0.999899089 0.004863354 -0.650414348 0.046028379 -0.004244129 0.998931110 78.407875061
0.999444306 0.018618882 -0.027649462 -5.287059307 -0.018480180 0.999815404 0.005263524 -0.654263973 0.027742364 -0.004749632 0.999603868 78.905357361
0.999835372 0.017294653 -0.005502820 -5.275049686 -0.017261352 0.999832749 0.006042148 -0.661331177 0.005606398 -0.005946168 0.999966621 79.385238647
0.999694109 0.013739376 0.020566326 -5.239566803 -0.013883392 0.999879956 0.006876243 -0.667212248 -0.020469381 -0.007159670 0.999764860 79.835472107
0.998673677 0.012594362 0.049923636 -5.191974640 -0.013032111 0.999879241 0.008452565 -0.675494850 -0.049811155 -0.009091964 0.998717308 80.291763306
0.996482074 0.012059725 0.082933806 -5.132491589 -0.012939538 0.999865472 0.010079350 -0.684752047 -0.082801104 -0.011117018 0.996504068 80.742042542
0.992621660 0.012306652 0.120626837 -5.056786537 -0.013600572 0.999858379 0.009909183 -0.682010949 -0.120487809 -0.011476664 0.992648482 81.185073853
0.986643016 0.012203242 0.162439257 -4.971151352 -0.014013937 0.999851644 0.010005735 -0.690835714 -0.162293047 -0.012148500 0.986667812 81.588920593
0.978152633 0.011878061 0.207548559 -4.854663849 -0.014202698 0.999851882 0.009713897 -0.694903672 -0.207402438 -0.012449423 0.978176534 82.004257202
0.966493249 0.014023263 0.256308645 -4.716678619 -0.016477063 0.999836564 0.007428530 -0.701825082 -0.256162584 -0.011402836 0.966566443 82.404991150
0.950664997 0.015046101 0.309854478 -4.567424774 -0.017337151 0.999838889 0.004641348 -0.710711837 -0.309734762 -0.009784358 0.950772643 82.791374207
0.930796921 0.015611716 0.365203083 -4.383159637 -0.017462514 0.999845922 0.001765448 -0.709612608 -0.365119219 -0.008020638 0.930926204 83.155662537
0.906195939 0.015442912 0.422576070 -4.191318512 -0.017166935 0.999852538 0.000274429 -0.723225892 -0.422509551 -0.007503021 0.906327426 83.496170044
0.877375543 0.015607849 0.479550362 -3.974361420 -0.016651032 0.999859214 -0.002077873 -0.727001786 -0.479515284 -0.006161931 0.877511978 83.792755127
0.843731165 0.014491293 0.536570370 -3.730648041 -0.014331655 0.999887288 -0.004468373 -0.732025743 -0.536574721 -0.003919834 0.843843818 84.094497681
0.806584299 0.013924913 0.590955019 -3.469432831 -0.012898547 0.999899089 -0.005956030 -0.741564989 -0.590978324 -0.002818417 0.806682646 84.382316589
0.766369522 0.012798626 0.642272353 -3.192996979 -0.012270390 0.999910712 -0.005284098 -0.750759721 -0.642282844 -0.003831359 0.766458273 84.651901245
0.724211574 0.012477035 0.689464867 -2.897285461 -0.013534089 0.999900877 -0.003878741 -0.753060460 -0.689445078 -0.006522248 0.724308729 84.885467529
0.678987920 0.011636505 0.734057307 -2.594558716 -0.012256068 0.999914765 -0.004514352 -0.755253434 -0.734047294 -0.005931465 0.679072618 85.106872559
0.632999539 0.009751044 0.774090827 -2.263507843 -0.008922249 0.999946117 -0.005300078 -0.770837128 -0.774100900 -0.003551683 0.633052468 85.305664062
0.586452305 0.006889229 0.809954405 -1.920059204 -0.001870486 0.999972701 -0.007151131 -0.768700957 -0.809981704 0.002678791 0.586449265 85.490699768
0.540104389 0.008535507 0.841554701 -1.597190857 -0.004909465 0.999963522 -0.006991313 -0.791355312 -0.841583729 -0.000355545 0.540126681 85.643608093
0.493378252 0.011462756 0.869739234 -1.255603790 -0.008425829 0.999929249 -0.008398868 -0.798455477 -0.869774044 -0.003184455 0.493440092 85.794113159
0.447869450 0.013436374 0.893997908 -0.912464142 -0.008922177 0.999904394 -0.010558326 -0.807889521 -0.894054472 -0.003247656 0.447946668 85.927886963
0.405286431 0.011726583 0.914114594 -0.558355331 -0.001775734 0.999925971 -0.012040105 -0.805565834 -0.914188147 0.003256466 0.405277282 86.039306641
0.364974082 0.003307314 0.931011736 -0.188079834 0.012896948 0.999879777 -0.008607808 -0.822025061 -0.930928349 0.015148839 0.364887714 86.140121460
0.329568863 0.000478607 0.944131374 0.176961899 0.016928935 0.999836147 -0.006416247 -0.819779456 -0.943979800 0.018097738 0.329506874 86.228141785
0.296462774 0.004097377 0.955035627 0.554121017 0.014537354 0.999855578 -0.008802364 -0.831016302 -0.954933703 0.016493265 0.296360433 86.331413269
0.265474498 0.011745711 0.964046299 0.921751022 0.003747330 0.999905646 -0.013214534 -0.846298337 -0.964110613 0.007120720 0.265405446 86.427383423
0.237031460 0.015777094 0.971373856 1.301240921 -0.001190807 0.999872029 -0.015949387 -0.866064727 -0.971501350 0.002623784 0.237019897 86.509651184
0.211396098 0.017552417 0.977242887 1.694438934 -0.000011963 0.999838769 -0.017955676 -0.880516887 -0.977400482 0.003784065 0.211362213 86.574539185
0.187594593 0.019021247 0.982062340 2.107747078 0.007727629 0.999752939 -0.020840030 -0.891016364 -0.982216179 0.011498488 0.187401265 86.634559631
0.167665347 0.025342448 0.985518157 2.522254944 0.013731277 0.999512553 -0.028038399 -0.890934050 -0.985748351 0.018233495 0.167235613 86.677024841
0.147740722 0.032619189 0.988488138 2.941926003 0.015361905 0.999259710 -0.035270654 -0.889850020 -0.988906860 0.020395974 0.147130221 86.726509094
0.130254701 0.033176627 0.990925312 3.383795738 0.013780585 0.999282956 -0.035267860 -0.903003752 -0.991384804 0.018249335 0.129704073 86.779678345
0.114939429 0.029051637 0.992947519 3.842206955 0.011335754 0.999468863 -0.030554608 -0.924268305 -0.993307829 0.014767738 0.114549026 86.824195862
0.100372568 0.025333755 0.994627357 4.308364868 0.011834041 0.999574661 -0.026653996 -0.948027253 -0.994879484 0.014445794 0.100030102 86.867706299
0.087194160 0.022876291 0.995928705 4.790788651 0.014503606 0.999601245 -0.024230447 -0.963006139 -0.996085703 0.016557312 0.086827606 86.897224426
0.075473614 0.021962043 0.996905982 5.284598827 0.018122414 0.999562085 -0.023392573 -0.980167508 -0.996983111 0.019831868 0.075042576 86.922889709
0.065185905 0.022773370 0.997613251 5.804006100 0.020854207 0.999490142 -0.024178864 -0.996679902 -0.997655213 0.022380555 0.064677745 86.953163147
0.057521198 0.023456145 0.998068690 6.335067749 0.023583801 0.999413013 -0.024846932 -1.007977724 -0.998065710 0.024967479 0.056934245 86.973625183
0.052012518 0.023727357 0.998364568 6.884335041 0.025313815 0.999365091 -0.025069928 -1.024157882 -0.998325646 0.026576366 0.051378869 86.997520447
0.046324845 0.024793291 0.998618662 7.447510719 0.026606526 0.999306679 -0.026044618 -1.041661024 -0.998572052 0.027776290 0.045633055 87.020706177
0.040645868 0.025436083 0.998849750 8.036762238 0.027456839 0.999269962 -0.026564077 -1.057908297 -0.998796344 0.028504977 0.039917812 87.037536621
0.036164835 0.025310416 0.999025285 8.638954163 0.029995626 0.999201298 -0.026400724 -1.076426744 -0.998895586 0.030921165 0.035376754 87.054885864
0.033429731 0.025534164 0.999114811 9.263010025 0.031621169 0.999146104 -0.026592992 -1.094207764 -0.998940706 0.032482177 0.032593764 87.069458008
0.030252958 0.024900021 0.999232113 9.902897835 0.032600369 0.999133229 -0.025884574 -1.114346385 -0.999010503 0.033358421 0.029414989 87.086425781
0.027913775 0.024178777 0.999317884 10.558954239 0.034485903 0.999089003 -0.025136529 -1.136617422 -0.999015272 0.035164032 0.027054522 87.102790833
0.027490750 0.023918325 0.999335945 11.235036850 0.039379559 0.998911738 -0.024991473 -1.155585408 -0.998846114 0.040040437 0.026518943 87.111427307
0.028379938 0.023634901 0.999317706 11.929858208 0.042530768 0.998786688 -0.024830179 -1.174029350 -0.998691976 0.043206424 0.027340289 87.127807617
0.030819381 0.023608303 0.999246061 12.634292603 0.044308417 0.998705924 -0.024962131 -1.192983389 -0.998542309 0.045044329 0.029733455 87.148536682
0.034530621 0.023393268 0.999129832 13.358537674 0.046786882 0.998592019 -0.024997665 -1.216518760 -0.998307884 0.047609352 0.033387508 87.174507141
0.039057970 0.023012284 0.998972058 14.103029251 0.047145892 0.998578846 -0.024846554 -1.240476131 -0.998124123 0.048067879 0.037917532 87.200080872
0.042878516 0.021526515 0.998848379 14.857904434 0.048651088 0.998536825 -0.023608292 -1.259877920 -0.997895002 0.049607359 0.041768495 87.237419128
0.046784598 0.019644400 0.998711824 15.630206108 0.048473474 0.998584032 -0.021912625 -1.284245968 -0.997728169 0.049436212 0.045766123 87.279907227
0.051068038 0.017672537 0.998538852 16.415870667 0.045595676 0.998759449 -0.020008340 -1.303708553 -0.997653782 0.046550848 0.050198905 87.327598572
0.054785416 0.016585903 0.998360395 17.219186783 0.044222221 0.998840630 -0.019020597 -1.328821898 -0.997518420 0.045191765 0.053988434 87.374504089
0.058882978 0.017704230 0.998107910 18.019863129 0.041523639 0.998933852 -0.020168552 -1.349107504 -0.997400939 0.042632654 0.058085069 87.431632996
0.061817735 0.021308748 0.997859895 18.813512802 0.039342634 0.998943090 -0.023769166 -1.381819248 -0.997311771 0.040727802 0.060914062 87.484519958
0.063089557 0.026653662 0.997651875 19.611642838 0.033172622 0.999034941 -0.028788384 -1.410024405 -0.997456372 0.034910973 0.062144496 87.551475525
0.063096449 0.029836791 0.997561336 20.445732117 0.030512834 0.999028087 -0.031810611 -1.438749313 -0.997540832 0.032445557 0.062124737 87.604476929
0.062977411 0.029661346 0.997574151 21.255237579 0.028378157 0.999100924 -0.031498272 -1.464941978 -0.997611463 0.030292990 0.062079061 87.669715881
0.062742680 0.027883533 0.997640073 22.067920685 0.025338380 0.999242961 -0.029521886 -1.500887752 -0.997708082 0.027130865 0.061988663 87.729782104
0.062739991 0.026587883 0.997675717 22.905826569 0.026142409 0.999258339 -0.028274059 -1.537483096 -0.997687399 0.027855562 0.061998405 87.786323547
0.063287988 0.025432989 0.997671127 23.736385345 0.023415225 0.999362111 -0.026961463 -1.578815937 -0.997720599 0.025067031 0.062652096 87.841430664
0.063499436 0.025850922 0.997646987 24.549518585 0.021796152 0.999390125 -0.027283397 -1.609599113 -0.997743726 0.023477348 0.062897272 87.898590088
0.063640252 0.026568977 0.997619152 25.365379333 0.018737707 0.999437451 -0.027812721 -1.641720295 -0.997796953 0.020463107 0.063106626 87.956230164
0.062689073 0.027837310 0.997644782 26.172637939 0.015716210 0.999459445 -0.028875507 -1.678479314 -0.997909307 0.017489376 0.062217698 88.011032104
0.059301104 0.027698772 0.997855723 26.999095917 0.013438558 0.999502242 -0.028543107 -1.706127405 -0.998149693 0.015102379 0.058899354 88.072746277
0.055402938 0.026548998 0.998111010 27.806819916 0.010985438 0.999569833 -0.027197575 -1.738211513 -0.998403668 0.012471511 0.055087451 88.123321533
0.050182439 0.023815446 0.998456120 28.623008728 0.009062583 0.999663711 -0.024299733 -1.773478031 -0.998699009 0.010268011 0.049949735 88.173980713
0.044845641 0.021891300 0.998754025 29.438505173 0.007444757 0.999724805 -0.022246856 -1.800420880 -0.998966217 0.008433156 0.044670314 88.205307007
0.037037931 0.022329684 0.999064326 30.241678238 0.007062939 0.999719501 -0.022606172 -1.828193069 -0.999288976 0.007893616 0.036869824 88.239517212
0.028625041 0.023104623 0.999323130 31.048007965 0.006628848 0.999706447 -0.023303363 -1.859797955 -0.999568224 0.007291421 0.028463477 88.259361267
0.018599320 0.023322642 0.999554932 31.846155167 0.007222190 0.999698579 -0.023460381 -1.892108798 -0.999801040 0.007655322 0.018425273 88.272163391
0.008588677 0.022406967 0.999711931 32.645652771 0.008602460 0.999710262 -0.022480832 -1.918894291 -0.999926150 0.008793063 0.008393429 88.274795532
-0.002589950 0.021590674 0.999763548 33.437286377 0.007394740 0.999739885 -0.021571010 -1.948741078 -0.999969244 0.007337123 -0.002748935 88.277366638
-0.013559314 0.020780679 0.999692082 34.233001709 0.008897889 0.999746978 -0.020661134 -1.974917173 -0.999868453 0.008615002 -0.013740787 88.260887146
-0.024380419 0.020952296 0.999483109 35.013881683 0.009081093 0.999743760 -0.020736244 -2.003255844 -0.999661565 0.008570842 -0.024564443 88.237480164
-0.035430569 0.021803748 0.999134421 35.789779663 0.009342242 0.999725521 -0.021485364 -2.030252695 -0.999328494 0.008572917 -0.035624538 88.208435059
-0.046076722 0.022779565 0.998678207 36.562702179 0.008866716 0.999709845 -0.022394011 -2.060555935 -0.998898506 0.007823152 -0.046265338 88.171051025
-0.056559369 0.023801543 0.998115480 37.339252472 0.009375365 0.999684393 -0.023307687 -2.086447716 -0.998355210 0.008039431 -0.056764670 88.133522034
-0.066061728 0.024586570 0.997512639 38.099395752 0.010155510 0.999661207 -0.023966966 -2.112830639 -0.997763872 0.008546949 -0.066289037 88.081542969
-0.075707078 0.024880869 0.996819675 38.853515625 0.010599258 0.999652326 -0.024146572 -2.143059731 -0.997073829 0.008737483 -0.075944468 88.020904541
-0.085215777 0.025583664 0.996034026 39.617889404 0.011826347 0.999625862 -0.024664117 -2.166463852 -0.996292293 0.009677672 -0.085486479 87.964302063
-0.093658745 0.024929410 0.995292246 40.350906372 0.013075280 0.999631047 -0.023807680 -2.194500923 -0.995518386 0.010783928 -0.093950160 87.889404297
-0.101141006 0.023742653 0.994588792 41.084678650 0.014600910 0.999642968 -0.022378517 -2.224256516 -0.994764864 0.012258515 -0.101451561 87.816474915
-0.106082126 0.022264399 0.994108081 41.798034668 0.017882045 0.999630451 -0.020479864 -2.251159668 -0.994196534 0.015604136 -0.106441058 87.726669312
-0.109777272 0.020693926 0.993740737 42.518863678 0.020508865 0.999617577 -0.018550718 -2.274379492 -0.993744612 0.018344052 -0.110159688 87.640884399
-0.112526208 0.019428264 0.993458807 43.216918945 0.022170912 0.999609053 -0.017037304 -2.298121691 -0.993401408 0.020108746 -0.112912975 87.561042786
-0.114262782 0.018865481 0.993271410 43.907539368 0.021888964 0.999624789 -0.016468115 -2.319266558 -0.993209422 0.019859985 -0.114632852 87.480796814
-0.115053065 0.019518064 0.993167639 44.570243835 0.023191344 0.999587238 -0.016957637 -2.338608027 -0.993088603 0.021081861 -0.115458228 87.405570984
-0.113986395 0.020273322 0.993275464 45.221527100 0.023573730 0.999565363 -0.017696433 -2.365594864 -0.993202627 0.021398054 -0.114414781 87.327384949
-0.111103714 0.022035686 0.993564546 45.852996826 0.024886910 0.999502242 -0.019384442 -2.386200905 -0.993497193 0.022573071 -0.111596823 87.261795044
-0.106005974 0.022274282 0.994116008 46.461669922 0.024617054 0.999501407 -0.019769950 -2.412515402 -0.994060814 0.022376476 -0.106501453 87.202644348
-0.097960815 0.022903292 0.994926751 47.052524567 0.024039904 0.999497831 -0.020641543 -2.436930180 -0.994899929 0.021895884 -0.098462224 87.150062561
-0.086824879 0.023174575 0.995954037 47.656288147 0.023299459 0.999503195 -0.021225967 -2.454626560 -0.995951116 0.021362253 -0.087321691 87.102882385
-0.073260054 0.023608636 0.997033417 48.207401276 0.022551922 0.999503374 -0.022010051 -2.477892160 -0.997057915 0.020872561 -0.073756091 87.072174072
-0.056391086 0.024618158 0.998105288 48.736896515 0.021628777 0.999491513 -0.023430366 -2.504655361 -0.998174489 0.020266533 -0.056894880 87.059364319
-0.035064671 0.026796220 0.999025762 49.264446259 0.018891430 0.999479651 -0.026145330 -2.531363487 -0.999206483 0.017956246 -0.035552658 87.057785034
-0.009998687 0.029987754 0.999500275 49.788143158 0.017701060 0.999398887 -0.029807642 -2.554228783 -0.999793351 0.017394174 -0.010523506 87.065193176
0.018218348 0.031331230 0.999343038 50.306877136 0.015031920 0.999387324 -0.031606670 -2.583858252 -0.999721050 0.015597864 0.017736223 87.087730408
0.051442828 0.031142607 0.998190224 50.806797028 0.012964393 0.999408722 -0.031848744 -2.600863934 -0.998591840 0.014579319 0.051008664 87.131149292
0.089697421 0.028570021 0.995559216 51.319900513 0.012434993 0.999478459 -0.029802857 -2.626175165 -0.995891452 0.015053009 0.089295357 87.195434570
0.132090360 0.024622463 0.990931869 51.803276062 0.009487247 0.999614298 -0.026102845 -2.649593115 -0.991192341 0.012849147 0.131805807 87.282394409
0.176806286 0.020711236 0.984027743 52.309066772 0.006894703 0.999728024 -0.022280492 -2.664700270 -0.984221578 0.010723911 0.176615387 87.404632568
0.226150379 0.017440664 0.973936141 52.813091278 0.003386635 0.999819517 -0.018690554 -2.683717966 -0.974086463 0.007525245 0.226050556 87.540122986
0.278284401 0.015747139 0.960369527 53.276657104 -0.000617053 0.999868274 -0.016215999 -2.704492331 -0.960498452 0.003920060 0.278257459 87.703926086
0.333423138 0.015838727 0.942644119 53.741981506 -0.001831728 0.999867916 -0.016152322 -2.713721037 -0.942775488 0.003658890 0.333408117 87.897888184
0.391850770 0.015691506 0.919894874 54.188140869 0.000806170 0.999848366 -0.017398754 -2.732718945 -0.920028448 0.007559308 0.391778708 88.108917236
0.447501004 0.019891528 0.894062102 54.563652039 0.000679692 0.999744833 -0.022583008 -2.748130560 -0.894283175 0.010713608 0.447373301 88.387702942
0.507665515 0.022785788 0.861252725 54.962928772 0.002443933 0.999608040 -0.027886767 -2.765486240 -0.861550748 0.016261997 0.507410944 88.654708862
0.566666961 0.027261525 0.823495805 55.331565857 -0.001423533 0.999483347 -0.032107972 -2.774085760 -0.823945642 0.017022254 0.566413105 88.943664551
0.622372746 0.029524121 0.782163858 55.680557251 -0.005754869 0.999433935 -0.033146165 -2.799331665 -0.782699764 0.016128020 0.622190475 89.273849487
0.673651218 0.030954460 0.738400877 55.973304749 -0.007910577 0.999367237 -0.034677505 -2.813669682 -0.739007235 0.017519366 0.673469782 89.621398926
0.723889410 0.028463438 0.689328551 56.287681580 -0.007983667 0.999427259 -0.032883942 -2.836928368 -0.689869821 0.018300969 0.723702133 89.978019714
0.768754959 0.025221150 0.639045835 56.544387817 -0.010444431 0.999583960 -0.026886091 -2.855463982 -0.639458120 0.013994347 0.768698573 90.363098145
0.809550941 0.023214966 0.586590409 56.780364990 -0.012053909 0.999664426 -0.022927277 -2.832177877 -0.586925864 0.011490093 0.809559166 90.779258728
0.846430779 0.019734785 0.532132924 56.992065430 -0.014047362 0.999792695 -0.014734248 -2.856985807 -0.532313526 0.004996456 0.846532464 91.183494568
0.877941966 0.016485427 0.478483289 57.182098389 -0.014717847 0.999864042 -0.007443876 -2.863382339 -0.478541017 -0.000506954 0.878065109 91.615127563
0.903544664 0.017639561 0.428130955 57.344284058 -0.018723909 0.999823272 -0.001678361 -2.874866486 -0.428084999 -0.006499812 0.903715134 92.056457520
0.923634410 0.019077428 0.382799864 57.466102600 -0.021776253 0.999759138 0.002718017 -2.893784046 -0.382655919 -0.010846401 0.923827231 92.467376709
0.938845396 0.025156248 0.343418896 57.579811096 -0.028836537 0.999568403 0.005613120 -2.901479959 -0.343129516 -0.015172863 0.939165413 92.911621094
0.950738370 0.030348539 0.308505356 57.687446594 -0.033446081 0.999429226 0.004756004 -2.905193806 -0.308185041 -0.014840011 0.951210678 93.358161926
0.960266709 0.031207258 0.277333915 57.811660767 -0.033966757 0.999409676 0.005150146 -2.902349234 -0.277009428 -0.014365644 0.960759878 93.825469971
0.966477931 0.026485892 0.255380332 57.927036285 -0.028700085 0.999575794 0.004946912 -2.902714729 -0.255140930 -0.012110517 0.966827989 94.295913696
0.970500946 0.023317358 0.239967465 58.032844543 -0.025540676 0.999654770 0.006158922 -2.913557053 -0.239740983 -0.012106169 0.970761359 94.785125732
0.973339796 0.028027216 0.227649406 58.125778198 -0.030090850 0.999531507 0.005598678 -2.909988403 -0.227385819 -0.012299578 0.973727047 95.280158997
0.975454569 0.033094909 0.217699915 58.224205017 -0.035368212 0.999352872 0.006553018 -2.912474871 -0.217342108 -0.014091824 0.975993812 95.777702332
0.976438403 0.041720755 0.211725682 58.319664001 -0.043805309 0.999026716 0.005162461 -2.914072037 -0.211304247 -0.014315531 0.977315485 96.285102844
0.976833642 0.047267288 0.208714962 58.415557861 -0.048754070 0.998808861 0.001981796 -2.918655396 -0.208372667 -0.012111587 0.977974474 96.800750732
0.976843178 0.048879165 0.208298713 58.515380859 -0.049952142 0.998751640 -0.000109142 -2.931293964 -0.208044052 -0.010298353 0.978065252 97.326889038
0.976547837 0.046862531 0.210138366 58.650630951 -0.047021348 0.998884857 -0.004243310 -2.932151318 -0.210102916 -0.005737193 0.977662504 97.836791992
0.975780010 0.045892660 0.213885769 58.775627136 -0.044621661 0.998945892 -0.010769135 -2.937059879 -0.214154527 0.000964369 0.976799369 98.383460999
0.974918365 0.045895651 0.217778802 58.903236389 -0.043514378 0.998929143 -0.015720263 -2.938188076 -0.218267068 0.005849468 0.975871563 98.935188293
0.973643899 0.050873503 0.222327471 59.023994446 -0.048783258 0.998698533 -0.014886949 -2.954708815 -0.222795427 0.003648730 0.974858522 99.519790649
0.972133398 0.053760577 0.228180557 59.152938843 -0.052525882 0.998553574 -0.011484972 -2.957243681 -0.228467926 -0.000820459 0.973551154 100.113723755
0.971245646 0.050588530 0.232642710 59.303104401 -0.050491400 0.998704135 -0.006376388 -2.974736929 -0.232663840 -0.005553416 0.972541332 100.699882507
0.970539689 0.046393495 0.236432657 59.457313538 -0.047517076 0.998869896 -0.000946841 -2.982683182 -0.236209422 -0.010315642 0.971647322 101.314155579
0.969707668 0.043843772 0.240301207 59.613613129 -0.046139564 0.998927236 0.003933226 -2.991115808 -0.239870995 -0.014901474 0.970690370 101.941390991
0.969277799 0.038450271 0.242944270 59.779739380 -0.040786896 0.999157310 0.004593509 -2.998458624 -0.242562935 -0.014361328 0.970029354 102.567459106
0.969212115 0.035512365 0.243652850 59.934303284 -0.036941174 0.999316633 0.001295857 -3.001183987 -0.243440315 -0.010256782 0.969861627 103.215270996
0.969369948 0.035411078 0.243038908 60.103401184 -0.035042822 0.999368727 -0.005839628 -3.005375862 -0.243092313 -0.002856012 0.969998956 103.850898743
0.969525218 0.037648432 0.242081732 60.263137817 -0.035693321 0.999285161 -0.012458350 -3.012441158 -0.242377728 0.003437983 0.970175922 104.509788513
0.970024407 0.040873162 0.239545450 60.420719147 -0.038002521 0.999139845 -0.016592398 -3.014330864 -0.240017593 0.006991701 0.970743477 105.191970825
0.970678806 0.039032586 0.237189934 60.587078094 -0.037252057 0.999233902 -0.011985764 -3.023860931 -0.237476096 0.002798514 0.971389413 105.880058289
0.971185148 0.034611721 0.235799372 60.760841370 -0.034630533 0.999391913 -0.004062843 -3.041117191 -0.235796571 -0.004220084 0.971793234 106.570236206
0.971781254 0.035081804 0.233260050 60.931068420 -0.036505796 0.999331832 0.001788931 -3.051578999 -0.233041435 -0.010253793 0.972412765 107.293113708
0.972011983 0.038390428 0.231773123 61.086303711 -0.039818786 0.999205887 0.001485945 -3.066767693 -0.231532022 -0.010673281 0.972768724 108.014183044
0.972316265 0.044318534 0.229427278 61.249397278 -0.044684306 0.998994648 -0.003603329 -3.064764500 -0.229356349 -0.006748223 0.973319054 108.739166260
0.973225534 0.045118965 0.225380421 61.416065216 -0.044265639 0.998980701 -0.008840706 -3.072625160 -0.225549579 -0.001372608 0.974230766 109.475311279
0.974144399 0.043743134 0.221650660 61.582809448 -0.042178553 0.999040425 -0.011789574 -3.082021236 -0.221953750 0.002135845 0.975054920 110.231155396
0.975091994 0.041585606 0.217867061 61.752296448 -0.040331975 0.999134302 -0.010199867 -3.092508793 -0.218102634 0.001158800 0.975925207 111.004165649
0.975996614 0.037926398 0.214457467 61.919258118 -0.037023664 0.999280393 -0.008226087 -3.105205059 -0.214615166 0.000088632 0.976698756 111.776260376
0.976412594 0.036599901 0.212788224 62.090179443 -0.036311381 0.999326587 -0.005265177 -3.120147943 -0.212837666 -0.002585648 0.977084160 112.563941956
0.976759672 0.033318773 0.211732119 62.260719299 -0.033434253 0.999436378 -0.003035729 -3.126724958 -0.211713955 -0.004113927 0.977322996 113.363853455
0.977009773 0.028281538 0.211309999 62.437019348 -0.028571367 0.999590337 -0.001682095 -3.137050629 -0.211271018 -0.004393992 0.977417588 114.158897400
0.977161348 0.029032316 0.210506350 62.611198425 -0.029658400 0.999560058 -0.000182897 -3.144243717 -0.210419059 -0.006064563 0.977592468 114.965995789
0.976876080 0.034467366 0.211009905 62.774635315 -0.034776162 0.999392629 -0.002248387 -3.150784969 -0.210959241 -0.005141720 0.977481365 115.781852722
0.976543605 0.040338382 0.211507306 62.937774658 -0.040093467 0.999181032 -0.005448181 -3.160365582 -0.211553842 -0.003159675 0.977361202 116.590026855
0.975991786 0.048848167 0.212259218 63.103744507 -0.048446786 0.998800457 -0.007094697 -3.168757439 -0.212351203 -0.003358910 0.977187634 117.414718628
0.975040138 0.054648757 0.215197891 63.270984650 -0.054536261 0.998490870 -0.006464958 -3.184781790 -0.215226427 -0.005432494 0.976549089 118.226219177
0.974188983 0.057552110 0.218273863 63.443801880 -0.057924137 0.998309910 -0.004699532 -3.195601940 -0.218175411 -0.008065091 0.975876331 119.061164856
0.973608971 0.058081094 0.220708281 63.626258850 -0.058307156 0.998283625 -0.005496094 -3.211053371 -0.220648646 -0.007517826 0.975324333 119.882179260
0.973261774 0.056536801 0.222632021 63.810478210 -0.056064863 0.998391449 -0.008444722 -3.220273495 -0.222751319 -0.004262909 0.974865973 120.721343994
0.973355711 0.050119091 0.223756030 64.016197205 -0.049819063 0.998733759 -0.006989641 -3.237046719 -0.223823011 -0.004343908 0.974620104 121.555664062
0.973580301 0.043622449 0.224139601 64.210861206 -0.042838320 0.999047101 -0.008362343 -3.255432129 -0.224290803 -0.001460353 0.974521220 122.386497498
0.973357260 0.043077432 0.225211218 64.401573181 -0.042303864 0.999070644 -0.008261750 -3.275611401 -0.225357786 -0.001485668 0.974274993 123.208023071
0.972820163 0.045319866 0.227084190 64.591278076 -0.045214172 0.998961270 -0.005669878 -3.285018444 -0.227105245 -0.004751652 0.973858714 124.048728943
0.972335339 0.047584508 0.228691071 64.774688721 -0.048892360 0.998804092 0.000053268 -3.300295353 -0.228415087 -0.011233044 0.973499060 124.877670288
0.971930444 0.051177993 0.229634240 64.957031250 -0.053583410 0.998554349 0.004247340 -3.314892530 -0.229084879 -0.016432703 0.973267794 125.704620361
0.971701741 0.050420135 0.230767578 65.146659851 -0.051327270 0.998679757 -0.002074700 -3.332451105 -0.230567545 -0.009828681 0.973006725 126.524566650
0.972036064 0.046143185 0.230253652 65.346733093 -0.043464713 0.998915553 -0.016694102 -3.345097542 -0.230774254 0.006219359 0.972987413 127.337753296
0.972333074 0.044101182 0.229397967 65.543365479 -0.039295755 0.998902798 -0.025476353 -3.365117550 -0.230269849 0.015757132 0.972999215 128.131042480
