1.000000000 0.000000000 0.000000000 0.000000000 0.000000000 1.000000000 0.000000000 0.000000000 0.000000000 0.000000000 1.000000000 0.000000000
0.999025524 -0.004002487 0.043953776 0.167853504 0.004193493 0.999982119 -0.004254291 -0.050626099 -0.043935973 0.004434464 0.999024510 0.812738717
0.995971978 -0.003258226 0.089605048 0.261592031 0.003983204 0.999960780 -0.007913190 -0.080283865 -0.089575753 0.008238231 0.995945930 1.820361137
0.990727305 -0.001032475 0.135861427 0.395969450 0.002469297 0.999942780 -0.010407553 -0.101386532 -0.135842875 0.010646529 0.990673184 2.838061571
0.983289063 -0.003577432 0.182016641 0.588737369 0.005569950 0.999930024 -0.010436892 -0.128653318 -0.181966588 0.011276304 0.983240068 3.846710920
0.973684251 -0.004188402 0.227862656 0.815023780 0.007067585 0.999905288 -0.011821124 -0.155966997 -0.227791533 0.013120483 0.973621547 4.862444878
0.962119281 -0.006989683 0.272539198 1.091589212 0.011377947 0.999829710 -0.014524325 -0.185579866 -0.272391289 0.017075067 0.962035060 5.856458664
0.948868513 -0.008894757 0.315546066 1.421119690 0.014842349 0.999754488 -0.016450416 -0.213572621 -0.315322250 0.020292727 0.948767662 6.825360298
0.933424056 -0.008876576 0.358665019 1.787014246 0.016173296 0.999718666 -0.017348960 -0.242751807 -0.358410090 0.021994736 0.933305085 7.776882648
0.915806592 -0.009382850 0.401510060 2.190564632 0.017247386 0.999723613 -0.015977211 -0.278910547 -0.401249111 0.021557033 0.915715277 8.693222046
0.895881295 -0.009091830 0.444200486 2.638554573 0.017670464 0.999728620 -0.015176194 -0.310991198 -0.443942010 0.021445299 0.895798862 9.595244408
0.873543203 -0.008978958 0.486663818 3.129586458 0.018162465 0.999734879 -0.014155813 -0.340892553 -0.486407667 0.021204727 0.873474658 10.497605324
0.850031853 -0.009629064 0.526643097 3.663169622 0.020149587 0.999695480 -0.014244301 -0.378069550 -0.526345551 0.022719750 0.849967122 11.338871956
0.824372768 -0.011334573 0.565933824 4.233333588 0.023387279 0.999627769 -0.014046668 -0.407675624 -0.565563977 0.024815341 0.824330926 12.170303345
0.797220409 -0.009967390 0.603606045 4.843607903 0.023403304 0.999622345 -0.014403372 -0.443446159 -0.603234529 0.025609035 0.797152638 12.983265877
0.768199921 -0.013314386 0.640071452 5.487201691 0.028148385 0.999519408 -0.012991683 -0.474519193 -0.639590800 0.027997190 0.768205583 13.748064041
0.737686813 -0.012612372 0.675025284 6.177606583 0.028558642 0.999513507 -0.012534489 -0.507988334 -0.674538791 0.028524337 0.737688124 14.495336533
0.704898596 -0.011161488 0.709220290 6.897065639 0.029286534 0.999481499 -0.013378545 -0.539545298 -0.708703220 0.030201122 0.704859912 15.213952065
0.670808256 -0.012625119 0.741523385 7.650339127 0.034299895 0.999313414 -0.014014671 -0.560868621 -0.740837216 0.034835335 0.670780659 15.892528534
0.635429502 -0.011017695 0.772080362 8.414701462 0.034497783 0.999304831 -0.014131784 -0.589286208 -0.771387875 0.035614811 0.635367870 16.517063141
0.598731518 -0.009741492 0.800890565 9.218931198 0.037071995 0.999191463 -0.015560871 -0.619836092 -0.800091386 0.039007388 0.598608494 17.127325058
0.560881019 -0.008332486 0.827854395 10.034732819 0.041567780 0.998971581 -0.018107854 -0.645832777 -0.826852143 0.044568427 0.560650587 17.680976868
0.523176610 -0.007133682 0.852194428 10.914875984 0.043156620 0.998903751 -0.018132806 -0.669255793 -0.851130843 0.046264499 0.522910953 18.219799042
0.485420465 -0.009324281 0.874231100 11.794219971 0.048531696 0.998688698 -0.016295724 -0.698418677 -0.872932732 0.050338194 0.485236496 18.701908112
0.449469209 -0.009874034 0.893241167 12.744269371 0.052364532 0.998510599 -0.015311562 -0.721197069 -0.891759694 0.053656239 0.449316829 19.171672821
0.414910406 -0.007543015 0.909830987 13.682224274 0.054061111 0.998403311 -0.016376171 -0.747470856 -0.908254743 0.055981133 0.414655685 19.597118378
0.382064849 -0.008298177 0.924098253 14.638067245 0.054722708 0.998408139 -0.013659435 -0.769080162 -0.922513902 0.055787966 0.381910741 19.990251541
0.349075466 -0.009916712 0.937042058 15.631563187 0.057143360 0.998308361 -0.010722472 -0.792257428 -0.935350657 0.057288684 0.349051654 20.360105515
0.316712558 -0.009809968 0.948470831 16.638313293 0.057701904 0.998293817 -0.008942490 -0.812664330 -0.946764827 0.057560772 0.316738278 20.696041107
0.284690619 -0.006808592 0.958595276 17.650535583 0.055150226 0.998434901 -0.009287355 -0.836382508 -0.957031727 0.055510759 0.284620464 21.003217697
0.254214317 -0.005125635 0.967134297 18.691249847 0.055189613 0.998433352 -0.009215250 -0.851946950 -0.965571940 0.055718418 0.254098922 21.273555756
0.223861754 -0.005050944 0.974607825 19.734804153 0.057114266 0.998336017 -0.007944900 -0.873447418 -0.972945929 0.057442572 0.223777756 21.512657166
0.193650991 -0.005259684 0.981056392 20.820632935 0.058872573 0.998245835 -0.006269032 -0.888538063 -0.979302466 0.058971316 0.193620935 21.717998505
0.163339481 -0.005851424 0.986552536 21.920032501 0.057455953 0.998341501 -0.003591400 -0.903846204 -0.984895349 0.057269935 0.163404793 21.901691437
0.134176910 -0.006231682 0.990937769 23.028234482 0.058086336 0.998310328 -0.001587076 -0.919547439 -0.989253521 0.057772897 0.134312198 22.052404404
0.107123531 -0.005962319 0.994227827 24.172573090 0.060997091 0.998137772 -0.000586394 -0.925566912 -0.992372870 0.060707830 0.107287712 22.165122986
0.082218565 -0.005617301 0.996598423 25.318933487 0.065254591 0.997868598 0.000241008 -0.935352206 -0.994475663 0.065012835 0.082409881 22.247026443
0.059452780 -0.005297783 0.998217046 26.510280609 0.069596522 0.997574568 0.001149275 -0.941150069 -0.995802045 0.069404103 0.059677288 22.311920166
0.039042328 -0.005628915 0.999221802 27.706560135 0.075243413 0.997161567 0.002677344 -0.941488147 -0.996400535 0.075080305 0.039355058 22.356031418
0.021380080 -0.006412265 0.999750853 28.931886673 0.079676732 0.996809721 0.004689482 -0.944669485 -0.996591449 0.079556599 0.021822780 22.366718292
0.005981220 -0.006497515 0.999961019 30.151966095 0.082804352 0.996547818 0.005980047 -0.947865665 -0.996547878 0.082765348 0.006498594 22.360279083
-0.008615438 -0.007251220 0.999936581 31.388776779 0.085026927 0.996346891 0.007957779 -0.947434306 -0.996341407 0.085090093 -0.007967415 22.351852417
-0.021847520 -0.008245035 0.999727309 32.638690948 0.085222967 0.996310949 0.010079280 -0.946843445 -0.996122360 0.085419938 -0.021064259 22.319488525
-0.034216847 -0.008011753 0.999382317 33.895709991 0.085083045 0.996314228 0.010900229 -0.945474386 -0.995786190 0.085403442 -0.033409070 22.276195526
-0.045396537 -0.005420562 0.998954296 35.156505585 0.085062586 0.996332467 0.009271923 -0.948978186 -0.995340884 0.085394561 -0.044768956 22.218765259
-0.055505883 -0.001871771 0.998456597 36.433307648 0.085568838 0.996310353 0.006624665 -0.940613270 -0.994784892 0.085804507 -0.055140916 22.142351151
-0.065143071 0.000467287 0.997875750 37.743782043 0.086620495 0.996227801 0.005188222 -0.939209700 -0.994109273 0.086774468 -0.064937808 22.060501099
-0.072649114 0.001594318 0.997356296 39.078712463 0.086528219 0.996238291 0.004710330 -0.936300337 -0.993596971 0.086641662 -0.072513767 21.961221695
-0.078434482 0.002266947 0.996916711 40.427642822 0.086351320 0.996254563 0.004528429 -0.935035229 -0.993172407 0.086440250 -0.078336455 21.858896255
-0.083767995 0.003916684 0.996477544 41.796600342 0.087427773 0.996164918 0.003434084 -0.934276044 -0.992642522 0.087407470 -0.083789185 21.755680084
-0.088486575 0.005530753 0.996062040 43.173351288 0.086131096 0.996281564 0.002119607 -0.932603121 -0.992346406 0.085979491 -0.088633925 21.638168335
-0.092740066 0.006231578 0.995670855 44.583473206 0.086764589 0.996227145 0.001846482 -0.933347702 -0.991902828 0.086560220 -0.092930861 21.514272690
-0.095726885 0.005317118 0.995393574 46.013141632 0.086454064 0.996251345 0.002992578 -0.933995605 -0.991646051 0.086342283 -0.095827729 21.377994537
-0.098148301 0.003295234 0.995166361 47.448993683 0.087203629 0.996176362 0.005301880 -0.932487249 -0.991343737 0.087302484 -0.098060369 21.231433868
-0.100230657 0.001914873 0.994962394 48.929481506 0.087158658 0.996170819 0.006863004 -0.936842024 -0.991139352 0.087407470 -0.100013770 21.085348129
-0.102653816 0.002644541 0.994713604 50.373710632 0.089850143 0.995933235 0.006624696 -0.931630254 -0.990650892 0.090055205 -0.102473982 20.950294495
-0.103652731 0.002393863 0.994610667 51.928024292 0.089295700 0.995981216 0.006908734 -0.926771998 -0.990597010 0.089530580 -0.103449933 20.777263641
-0.104535237 0.003620914 0.994514585 53.437904358 0.091472119 0.995789647 0.005989246 -0.919377565 -0.990305603 0.091596439 -0.104426317 20.621915817
-0.104511268 0.003802729 0.994516432 54.965850830 0.090985604 0.995835543 0.005753677 -0.915367842 -0.990352988 0.091088012 -0.104422018 20.460418701
-0.104095601 0.005235443 0.994553506 56.515396118 0.090684302 0.995870650 0.004249155 -0.911342680 -0.990424395 0.090632692 -0.104140535 20.303337097
-0.102458544 0.005137007 0.994723976 58.062301636 0.091284394 0.995815814 0.004259830 -0.906358540 -0.990539908 0.091239244 -0.102498770 20.136541367
-0.101227894 0.003835125 0.994856000 59.689201355 0.090902813 0.995845079 0.005410543 -0.911444902 -0.990701556 0.090982892 -0.101155944 19.965608597
-0.100278214 0.004318776 0.994950056 61.274417877 0.091540121 0.995789349 0.004903654 -0.910463691 -0.990739405 0.091569580 -0.100251332 19.816913605
-0.099299379 0.005093828 0.995044529 62.938716888 0.091138199 0.995830238 0.003997183 -0.905857325 -0.990875125 0.091083489 -0.099349558 19.650314331
-0.098532394 0.005624671 0.995118022 64.563186646 0.092026226 0.995750546 0.003483803 -0.904003799 -0.990869641 0.091920204 -0.098631300 19.491188049
-0.097510092 0.005619782 0.995218694 66.252838135 0.092069961 0.995746732 0.003398118 -0.906073093 -0.990966618 0.091961086 -0.097612761 19.322834015
-0.096350752 0.004331260 0.995338082 67.912910461 0.094053589 0.995555699 0.004772371 -0.897390246 -0.990893722 0.094074927 -0.096329905 19.155477524
-0.096190117 0.001868084 0.995361209 69.626754761 0.096439756 0.995310903 0.007451792 -0.907556415 -0.990679979 0.096709177 -0.095919214 18.988533020
-0.095015988 0.003246101 0.995470405 71.319763184 0.097871244 0.995180428 0.006096491 -0.900178790 -0.990652859 0.098007195 -0.094875753 18.821870804
-0.094873443 0.004783146 0.995477855 73.021080017 0.099671178 0.995009243 0.004718210 -0.900555849 -0.990487099 0.099668086 -0.094876677 18.667457581
-0.093967393 0.004373320 0.995565653 74.735229492 0.098735154 0.995101511 0.004947926 -0.900784671 -0.990667224 0.098762281 -0.093938872 18.505704880
-0.093923166 0.003998444 0.995571434 76.473297119 0.099402659 0.995032728 0.005381464 -0.910203457 -0.990604579 0.099467903 -0.093854092 18.337944031
-0.093773425 0.002872181 0.995589435 78.218521118 0.099204406 0.995046020 0.006473335 -0.908193290 -0.990638673 0.099373884 -0.093593806 18.174652100
-0.093736999 0.003170578 0.995591938 79.969650269 0.100728288 0.994893849 0.006315417 -0.904813170 -0.990488470 0.100876234 -0.093577750 18.012897491
-0.093896128 0.002801463 0.995578051 81.743682861 0.101645112 0.994797528 0.006787206 -0.901645541 -0.990379632 0.101832926 -0.093692414 17.849950790
-0.093991682 0.003871815 0.995565414 83.523902893 0.101968519 0.994770944 0.005758159 -0.896493852 -0.990337253 0.102057561 -0.093894996 17.686725616
-0.094612353 0.004806292 0.995502591 85.334609985 0.101578020 0.994815767 0.004850978 -0.894497037 -0.990318358 0.101580143 -0.094610058 17.512197495
-0.095683329 0.005532099 0.995396435 87.138671875 0.100941613 0.994883597 0.004173849 -0.899422169 -0.990280509 0.100876294 -0.095752195 17.341461182
-0.097291134 0.006015356 0.995237768 88.951187134 0.100025676 0.994977713 0.003764397 -0.903371572 -0.990216792 0.099915586 -0.097404204 17.178718567
-0.098452963 0.005064127 0.995128810 90.781051636 0.099079534 0.995068252 0.004738607 -0.910147309 -0.990197062 0.099063441 -0.098469168 17.007621765
-0.099470451 0.004867179 0.995028615 92.635353088 0.099152796 0.995059550 0.005044720 -0.909617662 -0.990088046 0.099161685 -0.099461608 16.827217102
-0.099933870 0.003966712 0.994986176 94.505096436 0.096705317 0.995296478 0.005744886 -0.908114552 -0.990283430 0.096794568 -0.099847436 16.640214920
-0.101710960 0.004773553 0.994802535 96.350967407 0.096585914 0.995311618 0.005099178 -0.912025213 -0.990114152 0.096602552 -0.101695172 16.460723877
-0.104040198 0.005613895 0.994557261 98.261390686 0.095840268 0.995386958 0.004407232 -0.910104632 -0.989944577 0.095777161 -0.104098290 16.252258301
-0.108247459 0.006525436 0.994102538 100.162162781 0.096163347 0.995357692 0.003937518 -0.910320997 -0.989461958 0.096022472 -0.108372465 16.047592163
-0.112626605 0.005501125 0.993622124 102.071670532 0.094081677 0.995551169 0.005152311 -0.911188900 -0.989173353 0.094061926 -0.112643115 15.833548546
-0.117399804 0.005041268 0.993071914 104.001617432 0.092655972 0.995680690 0.005899168 -0.909437358 -0.988752782 0.092706598 -0.117359817 15.609592438
-0.121937953 0.005929766 0.992520034 105.921524048 0.091394603 0.995800674 0.005279090 -0.913235307 -0.988320887 0.091354676 -0.121967837 15.380287170
-0.126317665 0.007682442 0.991960049 107.860931396 0.091875993 0.995762467 0.003987734 -0.913225293 -0.987725973 0.091641024 -0.126488209 15.127313614
-0.131211415 0.009216393 0.991311550 109.805175781 0.091764227 0.995776594 0.002888137 -0.927305281 -0.987098217 0.091345899 -0.131502986 14.883499146
-0.135895923 0.009442567 0.990678132 111.750625610 0.090508595 0.995891392 0.002923229 -0.933176875 -0.986580133 0.090062149 -0.136192232 14.620046616
-0.140798807 0.009075119 0.989996672 113.702247620 0.088452592 0.996074319 0.003449027 -0.940284133 -0.986079037 0.088053383 -0.141048804 14.351871490
-0.145972714 0.009107322 0.989246786 115.669822693 0.086758599 0.996222734 0.003630506 -0.936672091 -0.985476971 0.086355612 -0.146211490 14.068170547
-0.151034400 0.008537917 0.988491535 117.626968384 0.085662462 0.996314168 0.004483123 -0.940012813 -0.984809816 0.085353725 -0.151209086 13.774940491
-0.157440275 0.008046145 0.987495840 119.616615295 0.086044393 0.996275544 0.005600711 -0.947906792 -0.983772933 0.085850261 -0.157546222 13.477153778
-0.162744790 0.010354098 0.986613929 121.611549377 0.086726919 0.996224761 0.003850896 -0.939369440 -0.982849240 0.086192697 -0.163028359 13.153093338
-0.168967903 0.010800632 0.985562384 123.580551147 0.085411362 0.996338785 0.003724465 -0.954790533 -0.981913805 0.084807537 -0.169271782 12.835874557
-0.174903721 0.010780488 0.984526515 125.576240540 0.085877873 0.996296167 0.004347070 -0.956682324 -0.980833113 0.085309364 -0.175181732 12.495054245
-0.180722281 0.010905297 0.983473718 127.563270569 0.085069917 0.996364534 0.004584136 -0.953786016 -0.979848206 0.084492482 -0.180992946 12.145420074
-0.186098188 0.011971744 0.982458174 129.562316895 0.084608503 0.996406615 0.003884913 -0.955572665 -0.978881419 0.083847284 -0.186442405 11.776216507
-0.191637993 0.012556737 0.981385231 131.574874878 0.083874047 0.996469736 0.003628586 -0.961881638 -0.977875233 0.083008118 -0.192014620 11.405397415
-0.195853189 0.011600622 0.980564594 133.569015503 0.084742218 0.996389687 0.005138154 -0.965138316 -0.976964831 0.084101543 -0.196129128 11.010278702
-0.199570805 0.011533979 0.979815483 135.586364746 0.087403812 0.996154547 0.006076269 -0.968237579 -0.975977480 0.086852267 -0.199811444 10.598491669
-0.203280434 0.012303872 0.979043245 137.621932983 0.089031294 0.996010959 0.005968615 -0.973100722 -0.975064278 0.088378802 -0.203564987 10.181627274
-0.206393480 0.012901556 0.978384018 139.643737793 0.089468040 0.995973170 0.005740102 -0.976100445 -0.974370062 0.088718846 -0.206716657 9.756629944
-0.209650829 0.012746525 0.977693260 141.678771973 0.088582575 0.996050715 0.006009273 -0.978756249 -0.973755419 0.087866433 -0.209951982 9.325267792
-0.213562772 0.013250614 0.976839483 143.730819702 0.087336048 0.996163249 0.005581217 -0.986092031 -0.973017633 0.086505257 -0.213900641 8.876672745
-0.217790291 0.014229711 0.975891829 145.769943237 0.086210705 0.996265769 0.004712903 -0.986402750 -0.972180545 0.085158758 -0.218203783 8.427076340
-0.222284317 0.013730023 0.974885225 147.831878662 0.085177615 0.996351182 0.005389067 -0.993534803 -0.971254170 0.084236294 -0.222642705 7.969461441
-0.226967201 0.013966699 0.973802269 149.878646851 0.085321613 0.996337771 0.005596264 -1.004538774 -0.970157802 0.084356546 -0.227327645 7.503353119
-0.231617898 0.014320724 0.972701430 151.937728882 0.084589913 0.996400833 0.005472751 -1.011423349 -0.969122112 0.083548300 -0.231995657 7.024513245
-0.236420527 0.014250206 0.971546352 154.005111694 0.084004089 0.996448338 0.005826480 -1.016734242 -0.968012691 0.082991354 -0.236777946 6.536701202
-0.240546197 0.013612972 0.970542252 156.066177368 0.083803959 0.996459126 0.006794090 -1.021171808 -0.967013121 0.082969569 -0.240835235 6.031368256
-0.244883820 0.013758999 0.969454706 158.145462036 0.084492274 0.996398091 0.007201317 -1.023985624 -0.965863764 0.083674930 -0.245164305 5.515937805
-0.248987734 0.014243010 0.968401909 160.230560303 0.085217707 0.996335864 0.007256642 -1.029877424 -0.964750230 0.084331818 -0.249289215 4.987388611
-0.252527833 0.015578215 0.967464209 162.304260254 0.085730262 0.996298254 0.006334845 -1.028102517 -0.963784218 0.084540702 -0.252928555 4.447128296
-0.256126821 0.017060300 0.966492653 164.392639160 0.085576400 0.996318579 0.005091521 -1.032206893 -0.962847710 0.084013052 -0.256643832 3.898105621
-0.259689510 0.018187882 0.965520859 166.476776123 0.086261071 0.996262729 0.004434061 -1.037373066 -0.961831808 0.084438331 -0.260287881 3.352165222
-0.262929678 0.018853281 0.964630723 168.570022583 0.085631378 0.996319294 0.003867947 -1.040444255 -0.961007535 0.083619647 -0.263576388 2.786930084
-0.266581804 0.018657861 0.963631690 170.673080444 0.085711949 0.996310115 0.004421010 -1.052285671 -0.959993541 0.083773285 -0.267197371 2.215541840
-0.270623535 0.018769287 0.962502241 172.777236938 0.085230537 0.996350944 0.004534630 -1.054508090 -0.958904862 0.083261758 -0.271235764 1.631374359
-0.274339408 0.019702613 0.961431026 174.888015747 0.087563813 0.996148288 0.004571798 -1.059090137 -0.957637966 0.085440770 -0.275007963 1.029216766
-0.277401477 0.019808117 0.960549772 177.002441406 0.089584559 0.995964944 0.005333096 -1.064366460 -0.956568360 0.087529846 -0.278056681 0.420387268
-0.279850036 0.019243404 0.959850788 179.114242554 0.090273730 0.995896697 0.006353765 -1.068866730 -0.955790043 0.088427417 -0.280438930 -0.199531555
-0.282783300 0.018639406 0.959002793 181.230270386 0.089831874 0.995931387 0.007131764 -1.072755575 -0.954967916 0.088165730 -0.283307254 -0.815261841
-0.285762221 0.019457782 0.958102942 183.363388062 0.089071363 0.996005058 0.006338752 -1.069766998 -0.954152226 0.087150894 -0.286353767 -1.440277100
-0.288546205 0.021373983 0.957227409 185.489776611 0.088321082 0.996082425 0.004381883 -1.075817347 -0.953383803 0.085807726 -0.289303541 -2.077243805
-0.291854113 0.023172403 0.956182122 187.629516602 0.087632470 0.996149480 0.002606961 -1.080127001 -0.952439904 0.084553450 -0.292761028 -2.721855164
-0.295200527 0.024152145 0.955129921 189.767196655 0.086646602 0.996237755 0.001588101 -1.092283249 -0.951498270 0.083227567 -0.296182662 -3.370365143
-0.298766464 0.025066426 0.953997016 191.926055908 0.084965520 0.996383727 0.000428791 -1.104353905 -0.950536549 0.081184961 -0.299815834 -4.029201508
-0.302482605 0.025311517 0.952818692 194.067382812 0.085613310 0.996328175 0.000711539 -1.117171288 -0.949302197 0.081789196 -0.303538978 -4.698406219
-0.306270123 0.024491243 0.951629519 196.235733032 0.085121170 0.996369064 0.001752532 -1.127780914 -0.948131323 0.081540570 -0.307242870 -5.384113312
-0.309671819 0.023904238 0.950542986 198.398422241 0.085150592 0.996364474 0.002684157 -1.141630411 -0.947023034 0.081770495 -0.310581505 -6.087806702
-0.313786596 0.023669753 0.949198484 200.565628052 0.084819399 0.996391177 0.003193069 -1.151895523 -0.945697427 0.081512392 -0.314661890 -6.792079926
-0.317478001 0.024090549 0.947959542 202.734436035 0.084191158 0.996445477 0.002873460 -1.160214067 -0.944520712 0.080722086 -0.318377763 -7.507820129
-0.321236998 0.024539741 0.946680844 204.897705078 0.083486483 0.996505797 0.002498153 -1.179502368 -0.943311632 0.079837538 -0.322163254 -8.235244751
-0.324726582 0.025175171 0.945472836 207.077423096 0.083284944 0.996523619 0.002070067 -1.193798304 -0.942133904 0.079415858 -0.325694501 -8.967929840
-0.327325195 0.025609775 0.944564641 209.248657227 0.084138155 0.996451795 0.002140285 -1.212721825 -0.941158235 0.080174506 -0.328318566 -9.722305298
-0.329916358 0.025407000 0.943668187 211.410964966 0.085322842 0.996348798 0.003004409 -1.229549170 -0.940146387 0.081507675 -0.330879599 -10.475105286
-0.332467109 0.024751214 0.942790031 213.596343994 0.086461283 0.996245742 0.004335255 -1.243199944 -0.939143240 0.082956158 -0.333358973 -11.245525360
-0.334914118 0.025468245 0.941904426 215.786026001 0.087865494 0.996123016 0.004308175 -1.255258083 -0.938142955 0.084203750 -0.335853457 -12.025218964
-0.337717861 0.026285537 0.940880299 217.997238159 0.087606929 0.996148586 0.003615890 -1.267015219 -0.937161624 0.083648778 -0.338719934 -12.811920166
-0.340251237 0.026428901 0.939963102 220.193557739 0.086989522 0.996203125 0.003478582 -1.281161547 -0.936302245 0.082950532 -0.341258377 -13.603279114
-0.343020350 0.027694287 0.938919544 222.382797241 0.086822666 0.996221066 0.002334939 -1.298785806 -0.935306787 0.082320459 -0.344128579 -14.403068542
-0.345939606 0.029026171 0.937807679 224.588439941 0.086779580 0.996226847 0.001177047 -1.311703682 -0.934235036 0.081789762 -0.347153187 -15.214385986
-0.348551065 0.029151218 0.936836362 226.799041748 0.084551871 0.996418953 0.000452387 -1.332363367 -0.933468342 0.079368934 -0.349767685 -16.026397705
-0.351596981 0.030010663 0.935670257 229.010894775 0.085404426 0.996346295 0.000135655 -1.355144620 -0.932247519 0.079958081 -0.352875501 -16.852848053
-0.354046315 0.029609114 0.934759080 231.200042725 0.087008014 0.996206641 0.001399368 -1.377270937 -0.931171656 0.081826977 -0.355279535 -17.678684235
-0.356932014 0.028596755 0.933692515 233.396011353 0.087296091 0.996178269 0.002861007 -1.396869421 -0.930042446 0.082528889 -0.358064383 -18.512523651
-0.359940320 0.028220849 0.932548404 235.572280884 0.086293913 0.996264696 0.003158253 -1.410564899 -0.928975940 0.081610039 -0.361031115 -19.345798492
-0.362680614 0.028579695 0.931475163 237.745727539 0.085193954 0.996361136 0.002600732 -1.427763462 -0.928011179 0.080299295 -0.363795698 -20.192420959
-0.366229534 0.028005922 0.930103004 239.958450317 0.083601207 0.996495008 0.002913089 -1.440443993 -0.926761448 0.078824595 -0.367287189 -21.055286407
-0.369726628 0.027425343 0.928735852 242.141754150 0.082848810 0.996555805 0.003553785 -1.453990221 -0.925439537 0.078258581 -0.370725393 -21.911964417
-0.373132735 0.027672574 0.927365184 244.312377930 0.082452856 0.996589005 0.003437342 -1.472563744 -0.924106836 0.077746488 -0.374141693 -22.780654907
-0.376798809 0.027511982 0.925886452 246.487838745 0.082174972 0.996610463 0.003828437 -1.490862846 -0.922642827 0.077527247 -0.377782464 -23.661491394
-0.380882770 0.026861642 0.924233079 248.678161621 0.080976017 0.996706307 0.004402800 -1.507645130 -0.921070695 0.076517679 -0.381803423 -24.544281006
-0.384829760 0.026917888 0.922594965 250.847137451 0.080188014 0.996770203 0.004365709 -1.520037770 -0.919497669 0.075661115 -0.385745257 -25.431243896
-0.388528645 0.027838919 0.921016037 253.023712158 0.080613889 0.996737838 0.003879082 -1.536896467 -0.917903543 0.075753815 -0.389505416 -26.335632324
-0.392090380 0.028128495 0.919496536 255.180862427 0.080888003 0.996715128 0.004001446 -1.558964491 -0.916363537 0.075945146 -0.393077791 -27.247856140
-0.395829409 0.028221115 0.917890251 257.367248535 0.080898538 0.996713281 0.004241964 -1.567848802 -0.914753795 0.075935073 -0.396811455 -28.172645569
-0.399474680 0.028516918 0.916300595 259.525604248 0.079710186 0.996811032 0.003728273 -1.583560348 -0.913272262 0.074527837 -0.400473893 -29.100891113
-0.403245300 0.028862493 0.914636672 261.709320068 0.080102898 0.996779144 0.003861177 -1.597627401 -0.911579251 0.074822031 -0.404258400 -30.048622131
-0.406882226 0.029546985 0.913002670 263.884765625 0.080689058 0.996732473 0.003702633 -1.603620052 -0.909909964 0.075175866 -0.407936841 -31.002166748
-0.410443097 0.030792760 0.911366165 266.062652588 0.082047254 0.996622980 0.003277446 -1.609279513 -0.908187628 0.076120302 -0.411583453 -31.964172363
-0.414072722 0.032773696 0.909653723 268.224548340 0.084132582 0.996451616 0.002396069 -1.623442650 -0.906347334 0.077523626 -0.415360779 -32.938705444
-0.416913241 0.033358864 0.908333898 270.391082764 0.085205719 0.996360183 0.002516637 -1.638597965 -0.904943824 0.078444466 -0.418238193 -33.922149658
-0.419643372 0.035702795 0.906986773 272.559509277 0.087485552 0.996164978 0.001264456 -1.649949431 -0.903463185 0.079878837 -0.421157569 -34.923736572
-0.422047675 0.038146719 0.905770719 274.724761963 0.089450717 0.995991230 -0.000266433 -1.670373201 -0.902149856 0.080909409 -0.423768073 -35.924781799
-0.425150543 0.038924046 0.904285312 276.913909912 0.090417258 0.995903850 -0.000357927 -1.679024577 -0.900595188 0.081610821 -0.426928490 -36.947196960
-0.428338647 0.039904218 0.902736783 279.103271484 0.090752922 0.995872974 -0.000959912 -1.698213577 -0.899049461 0.081514850 -0.430192322 -37.972274780
-0.431768328 0.039966445 0.901098669 281.313232422 0.089685984 0.995969355 -0.001200515 -1.706168175 -0.897514641 0.080297574 -0.433612496 -39.018501282
-0.435257733 0.041266069 0.899359584 283.510803223 0.090979777 0.995851338 -0.001662539 -1.726783037 -0.895697176 0.081099905 -0.437206358 -40.068695068
-0.438720763 0.041475687 0.897665799 285.726959229 0.089866601 0.995951593 -0.002095911 -1.741733789 -0.894118607 0.079750650 -0.440671921 -41.135818481
-0.441663980 0.041349921 0.896227181 287.951019287 0.088134542 0.996105373 -0.002525050 -1.757070065 -0.892841101 0.077873379 -0.443588227 -42.214202881
-0.444230199 0.041785855 0.894937694 290.169189453 0.089668341 0.995969653 -0.001993506 -1.778122902 -0.891414106 0.079361998 -0.446186662 -43.308540344
-0.446479529 0.041661244 0.893823445 292.391906738 0.091441423 0.995810211 -0.000738370 -1.801018953 -0.890109241 0.081402823 -0.448418379 -44.411430359
-0.448705941 0.041887511 0.892697275 294.613647461 0.092535891 0.995709300 -0.000208779 -1.815791607 -0.888875723 0.082512856 -0.450656861 -45.516891479
-0.450534225 0.041351777 0.891800880 296.832214355 0.092207976 0.995739698 0.000411806 -1.830896139 -0.887984514 0.082416698 -0.452427775 -46.633201599
-0.452936858 0.040991303 0.890599668 299.069915771 0.092088029 0.995750368 0.001002640 -1.836788058 -0.886773944 0.082467690 -0.454786837 -47.758598328
-0.455569625 0.041267104 0.889243126 301.323913574 0.093404092 0.995626926 0.001647937 -1.839708090 -0.885286391 0.083809681 -0.457431972 -48.907188416
-0.457992882 0.040953331 0.888011932 303.565551758 0.093512163 0.995615423 0.002313184 -1.847756505 -0.884023666 0.084099337 -0.459814429 -50.045280457
-0.459787220 0.041617110 0.887053430 305.817932129 0.092989869 0.995665967 0.001486734 -1.863722920 -0.883147001 0.083170563 -0.461664438 -51.211380005
-0.462658793 0.044228118 0.885432541 308.079742432 0.092619330 0.995700717 -0.001340391 -1.874635935 -0.881685078 0.081388041 -0.464765996 -52.366912842
-0.466097087 0.043377429 0.883669555 310.349792480 0.090958685 0.995854259 -0.000907598 -1.891373754 -0.880045474 0.079954393 -0.468110353 -53.554244995
-0.470655888 0.041370571 0.881346405 312.626342773 0.088657662 0.996061921 0.000589556 -1.910099745 -0.877851248 0.078415580 -0.472470254 -54.754074097
-0.475601345 0.039006863 0.878795624 314.898345947 0.086282253 0.996267617 0.002474602 -1.921278358 -0.875419140 0.077001370 -0.477191836 -55.954292297
-0.480403155 0.037646696 0.876239419 317.174682617 0.084982447 0.996375263 0.003783898 -1.927948713 -0.872920752 0.076282769 -0.481861085 -57.180786133
-0.485032916 0.038025346 0.873668790 319.469970703 0.085716799 0.996310532 0.004224034 -1.932548881 -0.870284796 0.076936863 -0.486502916 -58.428413391
-0.489638001 0.039651945 0.871023655 321.776702881 0.088423759 0.996073425 0.004361979 -1.936100602 -0.867430568 0.079154968 -0.491221666 -59.706047058
-0.493258119 0.040451057 0.868941963 324.059020996 0.089548461 0.995972455 0.004467925 -1.942175865 -0.865261555 0.080016255 -0.494893819 -60.997459412
-0.497091025 0.040641140 0.866746128 326.352050781 0.090479136 0.995884895 0.005194695 -1.949459910 -0.862968147 0.081004679 -0.498722583 -62.301437378
-0.501170218 0.039032262 0.864467978 328.636138916 0.090674959 0.995851457 0.007603822 -1.957893848 -0.860584915 0.082196414 -0.502630413 -63.613739014
-0.505205035 0.037260041 0.862194598 330.922210693 0.088555686 0.996031940 0.008845560 -1.952190161 -0.858443797 0.080821060 -0.506499946 -64.945465088
-0.509202123 0.036769114 0.859861135 333.189361572 0.087501273 0.996121705 0.009221651 -1.956106901 -0.856187224 0.079934649 -0.510444701 -66.268371582
-0.513310790 0.036597133 0.857422113 335.455352783 0.087528169 0.996113122 0.009883445 -1.954644918 -0.853727460 0.080121860 -0.514518917 -67.611785889
-0.517210543 0.036770027 0.855067968 337.730468750 0.088794425 0.995990515 0.010879621 -1.952996731 -0.851239562 0.081552327 -0.518401802 -68.975540161
-0.521899283 0.036004540 0.852246940 339.993988037 0.088716716 0.995981514 0.012251531 -1.941617489 -0.848381102 0.082002603 -0.522996247 -70.331878662
-0.525469065 0.035093155 0.850088596 342.268402100 0.087286316 0.996100605 0.012833897 -1.934704781 -0.846323311 0.080944911 -0.526483297 -71.719627380
-0.529090822 0.034157366 0.847877443 344.537048340 0.086915761 0.996115685 0.014107740 -1.922864437 -0.844102204 0.081158206 -0.530004501 -73.119842529
-0.531785250 0.033470977 0.846217513 346.789367676 0.087484866 0.996043921 0.015580624 -1.914026737 -0.842348397 0.082316786 -0.532609642 -74.521171570
-0.534731090 0.033036906 0.844376147 349.063415527 0.085532114 0.996219635 0.015188334 -1.902313709 -0.840682447 0.080342956 -0.535535276 -75.952316284
-0.537980080 0.032370605 0.842335820 351.309722900 0.081828892 0.996548533 0.013965256 -1.885683537 -0.838976443 0.076440439 -0.538772106 -77.355918884
-0.541594744 0.031863954 0.840035617 353.541778564 0.078373678 0.996842921 0.012717810 -1.870419025 -0.836978316 0.072724558 -0.542382181 -78.755599976
-0.544151545 0.029268956 0.838476241 355.787597656 0.076200649 0.996984959 0.014650377 -1.861172676 -0.835519314 0.071864448 -0.544741213 -80.204872131
-0.547297239 0.028845500 0.836441040 358.019531250 0.077479593 0.996860385 0.016318461 -1.847024918 -0.833344221 0.073738158 -0.547813892 -81.648872375
-0.550565302 0.029154638 0.834282875 360.258819580 0.076769195 0.996923327 0.015823776 -1.830035210 -0.831254840 0.072759241 -0.551109493 -83.102882385
-0.553739786 0.028151520 0.832213759 362.509521484 0.074731737 0.997075319 0.015996795 -1.813454628 -0.829329491 0.071050830 -0.554224133 -84.575973511
-0.557193220 0.024172107 0.830031037 364.753509521 0.071950443 0.997222304 0.019258730 -1.796710014 -0.827259779 0.070451930 -0.557384789 -86.049179077
-0.560446501 0.021884378 0.827901423 366.968109131 0.069497541 0.997367620 0.020682270 -1.771869659 -0.825269520 0.069128409 -0.560492158 -87.523521423
-0.563702226 0.021154650 0.825707138 369.215606689 0.068236291 0.997447550 0.021029597 -1.740431786 -0.823154688 0.068197630 -0.563706875 -89.026725769
-0.566555738 0.021202501 0.823750675 371.435424805 0.067631684 0.997492731 0.020840991 -1.713824272 -0.821243346 0.067519240 -0.566569090 -90.525718689
-0.569194317 0.020611055 0.821944654 373.648193359 0.067684196 0.997467279 0.021858668 -1.693757534 -0.819412410 0.068074502 -0.569147766 -92.048919678
-0.572068453 0.019814702 0.819966555 375.857574463 0.067065977 0.997490644 0.022685511 -1.668622971 -0.817459285 0.067969531 -0.571961880 -93.566596985
-0.574732780 0.018563993 0.818130672 378.050628662 0.064107597 0.997691572 0.022396894 -1.641833305 -0.815826237 0.065320611 -0.574596047 -95.078094482
-0.578012347 0.015377277 0.815882981 380.257568359 0.054034576 0.998349309 0.019464502 -1.618100643 -0.814236999 0.055336617 -0.577889144 -96.601669312
-0.581629455 0.018474694 0.813243985 382.458984375 0.046527788 0.998860896 0.010585107 -1.608909130 -0.812122166 0.043995053 -0.581826448 -98.129318237
-0.584059834 0.028650688 0.811204851 384.644653320 0.056721579 0.998374403 0.005577723 -1.611840963 -0.809726477 0.049270548 -0.584735453 -99.697212219
-0.584929228 0.029417347 0.810550690 386.809478760 0.064641245 0.997854054 0.010432838 -1.618738413 -0.808504343 0.058497477 -0.585575581 -101.257476807
-0.586961091 0.019687297 0.809375763 389.004333496 0.063438453 0.997749031 0.021736396 -1.600594521 -0.807125926 0.064103946 -0.586888790 -102.838577271
-0.590331793 0.009121231 0.807109177 391.194427490 0.057370000 0.997881353 0.030684112 -1.555581093 -0.805119276 0.064417660 -0.589604378 -104.409439087
-0.593904018 0.003148523 0.804529727 393.368164062 0.051449709 0.998094141 0.034074150 -1.499417305 -0.802889109 0.061629593 -0.592934132 -105.972175598
-0.596516967 0.002853077 0.802595377 395.529571533 0.050326552 0.998158753 0.033856183 -1.439091682 -0.801020980 0.060587652 -0.595562279 -107.541435242
-0.599237084 0.007702972 0.800534546 397.682739258 0.055629421 0.997937262 0.032038737 -1.394312859 -0.798636496 0.063732065 -0.598429561 -109.130508423
-0.601327062 0.014097285 0.798878610 399.795349121 0.059924163 0.997824073 0.027497802 -1.343685150 -0.796752691 0.064407304 -0.600863338 -110.706108093
-0.603997350 0.017214879 0.796800375 401.958374023 0.060876876 0.997842371 0.024588011 -1.302402496 -0.794657886 0.063357823 -0.603742182 -112.314178467
-0.607021809 0.017269120 0.794497430 404.120117188 0.060807947 0.997842193 0.024770247 -1.264101028 -0.792355180 0.063347854 -0.606762052 -113.944007874
-0.609969914 0.016559465 0.792251527 406.224334717 0.061925553 0.997720242 0.026823571 -1.228874207 -0.790001154 0.065422185 -0.609604836 -115.555976868
-0.611960173 0.015916876 0.790728390 408.350952148 0.062622175 0.997633636 0.028382776 -1.179674149 -0.788405478 0.066886254 -0.611508846 -117.201644897
-0.613789439 0.016274553 0.789301991 410.480346680 0.063379019 0.997576296 0.028716851 -1.136343002 -0.786921561 0.067651279 -0.613333344 -118.842491150
-0.615316749 0.016615931 0.788104832 412.601287842 0.063669950 0.997558773 0.028678706 -1.088624001 -0.785704434 0.067825072 -0.614872634 -120.481590271
-0.616757929 0.016993791 0.786969304 414.725463867 0.064392067 0.997505426 0.028924793 -1.046809196 -0.784514725 0.068514183 -0.616313756 -122.132423401
-0.618127584 0.016249683 0.785909832 416.848114014 0.065474547 0.997376561 0.030874500 -0.994813919 -0.783346295 0.070541479 -0.617569923 -123.787086487
-0.619047880 0.015595853 0.785198271 418.946105957 0.067348972 0.997173846 0.033291548 -0.944693565 -0.782460153 0.073491350 -0.618348658 -125.426887512
-0.620038688 0.015280029 0.784422398 421.062500000 0.069384344 0.996960819 0.035423998 -0.889194489 -0.781497121 0.076390877 -0.619214475 -127.090530396
-0.621469915 0.015437782 0.783285916 423.132690430 0.067627870 0.997130930 0.034004431 -0.822539330 -0.780513704 0.074104682 -0.620730937 -128.733551025
-0.622936070 0.015616334 0.782116950 425.212768555 0.063555025 0.997505963 0.030702980 -0.766489983 -0.779686749 0.068833433 -0.622375011 -130.370910645
-0.624310732 0.015316104 0.781025887 427.295379639 0.060878552 0.997721016 0.029097550 -0.715266228 -0.778800249 0.065713629 -0.623820364 -132.013305664
-0.625200033 0.014464512 0.780330420 429.375762939 0.059996903 0.997760355 0.029574584 -0.667256355 -0.778154969 0.065307453 -0.624667585 -133.678009033
-0.626000822 0.013466094 0.779706240 431.459594727 0.058147147 0.997873664 0.029450456 -0.620186806 -0.777651489 0.063773699 -0.625452578 -135.339019775
-0.627096057 0.012393825 0.778843343 433.551330566 0.055172119 0.998068869 0.028540177 -0.574271202 -0.776985586 0.060867872 -0.626568854 -137.000289917
-0.627738655 0.011556940 0.778338373 435.637084961 0.053946581 0.998131633 0.028688038 -0.528213501 -0.776552677 0.059997290 -0.627189219 -138.666275024
-0.628597796 0.010388749 0.777661204 437.679504395 0.054978728 0.998002827 0.031108029 -0.482892036 -0.775784850 0.062309261 -0.627913535 -140.302337646
-0.628707349 0.009034673 0.777589500 439.747619629 0.057225697 0.997758865 0.034676127 -0.427757263 -0.775533557 0.066299237 -0.627815366 -141.956283569
-0.627915621 0.007724257 0.778243005 441.811309814 0.062165465 0.997253656 0.040259432 -0.360855103 -0.775794744 0.073659368 -0.626671374 -143.614639282
-0.626564741 0.006544559 0.779341936 443.882049561 0.065528400 0.996866226 0.044311415 -0.280906677 -0.776609600 0.078832999 -0.625030279 -145.268554688
-0.625320017 0.004444719 0.780355752 445.954345703 0.060073841 0.997290552 0.042458463 -0.201131821 -0.778052688 0.073429093 -0.623892784 -146.902328491
-0.624464214 0.004017242 0.781043053 448.035339355 0.052541465 0.997937679 0.036875453 -0.123828888 -0.779284060 0.064064555 -0.623387516 -148.541107178
-0.622889102 0.001954612 0.782307684 450.115325928 0.047688037 0.998232007 0.035476070 -0.064394951 -0.780855298 0.059404369 -0.621881127 -150.167541504
-0.620328128 0.002089126 0.784339607 452.199035645 0.046141073 0.998361766 0.033833433 -0.004487991 -0.782984018 0.057178114 -0.619408309 -151.794189453
-0.617308915 0.002770549 0.786715925 454.272583008 0.047992393 0.998264015 0.034142435 0.060683250 -0.785255551 0.058832817 -0.616370261 -153.425903320
-0.614399493 0.002620117 0.788990676 456.344055176 0.048619442 0.998219788 0.034545790 0.121294975 -0.787495553 0.059585214 -0.613433182 -155.033447266
-0.611773431 0.003630856 0.791024566 458.423309326 0.046011534 0.998459816 0.031002034 0.180239677 -0.789693773 0.055362485 -0.610998273 -156.636444092
-0.610454857 -0.000998352 0.792050421 460.518463135 0.039406318 0.998722494 0.031630382 0.228520393 -0.791070163 0.050520722 -0.609635651 -158.232055664
-0.609260678 -0.007047737 0.792938709 462.621063232 0.030769492 0.998997331 0.032521199 0.279474258 -0.792372823 0.044212215 -0.608432949 -159.829315186
-0.608786523 -0.010203280 0.793268502 464.724395752 0.023751767 0.999234617 0.031080559 0.328973770 -0.792978466 0.037762955 -0.608078241 -161.414306641
-0.608455718 -0.010911824 0.793512881 466.836853027 0.021603355 0.999307096 0.030306943 0.376201630 -0.793293834 0.035582975 -0.607798338 -162.993637085
-0.607261300 -0.010481845 0.794432998 468.928649902 0.024337225 0.999198318 0.031786807 0.432853699 -0.794129312 0.038637199 -0.606519401 -164.590332031
-0.606203794 -0.011578073 0.795225084 471.037902832 0.025999812 0.999071002 0.034365743 0.488604546 -0.794884264 0.041508339 -0.605339646 -166.173217773
-0.604843855 -0.013642924 0.796227157 473.118103027 0.024525022 0.999059856 0.035748478 0.553272247 -0.795966268 0.041149739 -0.603940666 -167.744964600
-0.603927612 -0.013720133 0.796921074 475.238464355 0.022660570 0.999152064 0.034374602 0.612445831 -0.796716988 0.038818456 -0.603104591 -169.331390381
-0.603040457 -0.012998420 0.797604561 477.342193604 0.021139368 0.999255717 0.032267414 0.669005394 -0.797430396 0.036319409 -0.602316797 -170.889617920
-0.602026343 -0.011440891 0.798394263 479.461639404 0.022058414 0.999277353 0.030952588 0.719902039 -0.798171461 0.036245581 -0.601338983 -172.473861694
-0.601061702 -0.011010757 0.799126685 481.577728271 0.024093917 0.999200881 0.031889684 0.768208504 -0.798839211 0.038421754 -0.600316226 -174.043334961
-0.599589467 -0.011222208 0.800229013 483.680908203 0.025669184 0.999117553 0.033244573 0.823836327 -0.799895942 0.040474314 -0.598772287 -175.621032715
