1.000000000 -0.000000000 0.000000000 0.000000000 -0.000000000 1.000000000 0.000000000 -0.000000007 0.000000000 0.000000000 1.000000000 0.000000000
0.999998808 -0.000547554 -0.001443906 -0.005049918 0.000548675 0.999999464 0.000776337 -0.018706240 0.001443480 -0.000777128 0.999998629 1.518185377
0.999995768 0.000615242 -0.002846388 -0.019164678 -0.000613670 0.999999642 0.000553042 -0.037735313 0.002846728 -0.000551292 0.999995828 3.028325081
0.999989867 0.001236492 -0.004334004 -0.031869948 -0.001234665 0.999999166 0.000424275 -0.058243550 0.004334525 -0.000418920 0.999990463 4.533750534
0.999981701 0.001173519 -0.005927243 -0.045655057 -0.001170598 0.999999225 0.000496280 -0.073756821 0.005927822 -0.000489332 0.999982357 6.040396690
0.999971569 0.000632910 -0.007515132 -0.061276574 -0.000625378 0.999999344 0.001004657 -0.096537322 0.007515763 -0.000999929 0.999971271 7.544431210
0.999955058 -0.001198345 -0.009404519 -0.077519976 0.001200070 0.999999344 0.000177769 -0.115262859 0.009404300 -0.000189048 0.999955773 9.043648720
0.999941349 -0.002115400 -0.010624393 -0.097192220 0.002120346 0.999997675 0.000454375 -0.134210706 0.010623408 -0.000476876 0.999943376 10.532376289
0.999926388 -0.001866858 -0.011989955 -0.117190167 0.001872174 0.999998271 0.000432219 -0.156300947 0.011989127 -0.000454634 0.999927938 12.025229454
0.999911785 -0.001692030 -0.013169657 -0.148135334 0.001698166 0.999998450 0.000454779 -0.175460055 0.013168868 -0.000477103 0.999913216 13.510012627
0.999903500 0.000088537 -0.013885416 -0.168110579 -0.000071554 0.999999225 0.001223641 -0.199464381 0.013885513 -0.001222530 0.999902844 14.979633331
0.999894977 0.001272704 -0.014434179 -0.199913964 -0.001247055 0.999997616 0.001785794 -0.216080055 0.014436417 -0.001767606 0.999894261 16.454605103
0.999879718 0.002319891 -0.015336388 -0.220882177 -0.002276367 0.999993503 0.002854803 -0.237833738 0.015342909 -0.002819549 0.999878287 17.945045471
0.999875069 0.002067409 -0.015668815 -0.249621481 -0.002023701 0.999994099 0.002804839 -0.251288563 0.015674520 -0.002772780 0.999873281 19.403705597
0.999860764 0.003004367 -0.016414713 -0.279024661 -0.002961426 0.999992251 0.002639700 -0.263726920 0.016422514 -0.002590721 0.999861896 20.868804932
0.999860108 0.003589698 -0.016336417 -0.308395088 -0.003536560 0.999988317 0.003280483 -0.280866653 0.016348008 -0.003222250 0.999861181 22.322816849
0.999858439 0.004538202 -0.016200619 -0.339356899 -0.004465756 0.999979794 0.004505228 -0.296202838 0.016220741 -0.004432242 0.999858558 23.765293121
0.999855518 0.004857683 -0.016289588 -0.364239872 -0.004805750 0.999983251 0.003225772 -0.311958313 0.016304985 -0.003147022 0.999862075 25.208196640
0.999850452 0.004989462 -0.016556386 -0.392233342 -0.004972890 0.999987125 0.001041885 -0.322245806 0.016561372 -0.000959396 0.999862432 26.645874023
0.999867082 0.003631132 -0.015895249 -0.425714195 -0.003618115 0.999993086 0.000847601 -0.341724128 0.015898218 -0.000789978 0.999873340 28.081771851
0.999872506 0.002975022 -0.015691623 -0.454493374 -0.002918502 0.999989212 0.003623594 -0.362842381 0.015702238 -0.003577336 0.999870360 29.490055084
0.999880850 0.000986593 -0.015400217 -0.482409358 -0.000911793 0.999987781 0.004863354 -0.377987266 0.015404828 -0.004848734 0.999869525 30.925373077
0.999885082 0.000354490 -0.015153859 -0.513633549 -0.000290790 0.999991179 0.004205517 -0.392293572 0.015155218 -0.004200627 0.999876261 32.319141388
0.999893665 0.000258392 -0.014581631 -0.539142013 -0.000225018 0.999997318 0.002290300 -0.408298433 0.014582186 -0.002286776 0.999891102 33.728786469
0.999900341 0.001704399 -0.014020755 -0.570534170 -0.001686229 0.999997735 0.001307727 -0.423887670 0.014022951 -0.001283954 0.999900877 35.087776184
0.999908805 0.001874790 -0.013372379 -0.589494944 -0.001866938 0.999998093 0.000599646 -0.448492229 0.013373479 -0.000574626 0.999910355 36.455818176
0.999924839 0.002191314 -0.012059237 -0.613552690 -0.002168989 0.999995947 0.001864015 -0.471444577 0.012063273 -0.001837719 0.999925554 37.788963318
0.999940872 0.002907293 -0.010477844 -0.638249993 -0.002867598 0.999988735 0.003801529 -0.489246190 0.010488777 -0.003771258 0.999937892 39.122116089
0.999960780 0.002365899 -0.008536634 -0.661374211 -0.002323525 0.999985039 0.004970334 -0.509262323 0.008548266 -0.004950305 0.999951243 40.415992737
0.999974012 0.002782024 -0.006640520 -0.664471924 -0.002745197 0.999980807 0.005548490 -0.525758386 0.006655829 -0.005530116 0.999962568 41.714859009
0.999992311 0.002411307 -0.003065964 -0.679626107 -0.002396307 0.999985158 0.004886592 -0.540510416 0.003077701 -0.004879208 0.999983370 42.985420227
0.999998569 0.001580923 0.000494698 -0.686705768 -0.001582430 0.999994099 0.003060546 -0.558861613 -0.000489856 -0.003061324 0.999995172 44.232353210
0.999990702 0.001394203 0.004083297 -0.687176466 -0.001400253 0.999997914 0.001479185 -0.578087389 -0.004081226 -0.001484888 0.999990582 45.475399017
0.999968350 0.001992011 0.007700348 -0.677566528 -0.002008938 0.999995470 0.002191192 -0.596901715 -0.007695948 -0.002206592 0.999968052 46.687847137
0.999913573 0.001812491 0.013024285 -0.669753075 -0.001840677 0.999995947 0.002152432 -0.614420235 -0.013020333 -0.002176220 0.999912918 47.915863037
0.999798715 0.003571084 0.019741995 -0.649157345 -0.003587177 0.999993265 0.000779846 -0.626101673 -0.019739075 -0.000850507 0.999804795 49.119617462
0.999617100 0.004921765 0.027225899 -0.626317739 -0.004941725 0.999987602 0.000665896 -0.641139150 -0.027222283 -0.000800184 0.999629080 50.316928864
0.999356449 0.006039157 0.035357963 -0.585044265 -0.006101531 0.999980032 0.001656446 -0.656977892 -0.035347249 -0.001871118 0.999373317 51.517383575
0.998919129 0.008224410 0.045750298 -0.542025566 -0.008340309 0.999962509 0.002342992 -0.673957229 -0.045729302 -0.002722031 0.998950183 52.680221558
0.998224616 0.010499834 0.058629345 -0.489119768 -0.010653125 0.999940634 0.002302628 -0.692076206 -0.058601685 -0.002923125 0.998277187 53.814155579
0.997225165 0.012372129 0.073408112 -0.417707920 -0.012591036 0.999917567 0.002520018 -0.705889940 -0.073370889 -0.003437309 0.997298777 54.948207855
0.995848835 0.015044770 0.089769445 -0.332148075 -0.015475772 0.999871790 0.004107083 -0.725763798 -0.089696132 -0.005479285 0.995954037 56.073089600
0.994082332 0.015015107 0.107586265 -0.220216751 -0.015606696 0.999867380 0.004658833 -0.737993121 -0.107502043 -0.006310330 0.994184792 57.182178497
0.991838038 0.015042720 0.126613155 -0.091005802 -0.015683295 0.999868751 0.004063905 -0.756404877 -0.126535401 -0.006016449 0.991943836 58.282466888
0.989058435 0.014208381 0.146838501 0.065346718 -0.014785247 0.999886692 0.002837828 -0.762774467 -0.146781534 -0.004977821 0.989156365 59.372451782
0.985709310 0.011277835 0.168077439 0.240251541 -0.011905900 0.999925375 0.002729472 -0.781084180 -0.168034136 -0.004691578 0.985769987 60.442272186
0.981862545 0.005953912 0.189500824 0.442264557 -0.006981296 0.999964297 0.004754459 -0.792114735 -0.189465716 -0.005991186 0.981869042 61.476531982
0.977086067 0.000717041 0.212843314 0.663212776 -0.002062275 0.999979317 0.006098355 -0.804616809 -0.212834537 -0.006397558 0.977067351 62.515792847
0.971592903 -0.004258712 0.236620054 0.914494514 0.003047369 0.999980330 0.005484853 -0.816559851 -0.236638755 -0.004607975 0.971586823 63.525375366
0.965098560 -0.010301109 0.261684805 1.188397408 0.009623067 0.999946177 0.003872403 -0.832337260 -0.261710674 -0.001219039 0.965145648 64.514961243
0.957584083 -0.014150214 0.287806422 1.490550995 0.013408212 0.999899864 0.004549260 -0.840463877 -0.287841976 -0.000497330 0.957677841 65.491775513
0.949007392 -0.016311249 0.314831555 1.808931351 0.014913251 0.999865353 0.006848954 -0.853285372 -0.314900935 -0.001804546 0.949122846 66.453582764
0.939238369 -0.020675110 0.342642397 2.149194717 0.018480456 0.999782622 0.009669140 -0.861166835 -0.342767715 -0.002749439 0.939416170 67.389694214
0.928210914 -0.023852501 0.371289104 2.522256851 0.021903083 0.999715328 0.009467103 -0.870929062 -0.371409148 -0.000655094 0.928469062 68.309066772
0.916169941 -0.023288704 0.400112778 2.912805557 0.022985905 0.999720335 0.005556420 -0.880197108 -0.400130302 0.004106328 0.916449070 69.199844360
0.903079152 -0.024610743 0.428768337 3.338056564 0.027093122 0.999632895 0.000313627 -0.888004124 -0.428618640 0.011333442 0.903414428 70.072662354
0.888899684 -0.026042735 0.457361281 3.782119751 0.030403700 0.999535322 -0.002175953 -0.898755431 -0.457092077 0.015839675 0.889278352 70.923690796
0.873149395 -0.026879409 0.486710936 4.252342224 0.030182419 0.999543905 0.001054805 -0.910145164 -0.486517340 0.013769113 0.873562396 71.755638123
0.855439901 -0.025713312 0.517263293 4.751680374 0.026002765 0.999639452 0.006689515 -0.920856237 -0.517248869 0.007727798 0.855800152 72.588729858
0.835770965 -0.025946295 0.548464775 5.277580261 0.024192814 0.999652982 0.010424808 -0.930770814 -0.548544943 0.004556153 0.836108625 73.391395569
0.814536691 -0.019764364 0.579775214 5.809490204 0.020430597 0.999776840 0.005378776 -0.934834838 -0.579752147 0.007463942 0.814758599 74.163726807
0.792547107 -0.012843810 0.609675467 6.373058319 0.017627724 0.999842942 -0.001851816 -0.941151142 -0.609555840 0.012214840 0.792648971 74.899925232
0.769980252 -0.010468856 0.637981951 6.969047546 0.016995594 0.999847233 -0.004105150 -0.948155224 -0.637841344 0.014003766 0.770040452 75.621047974
0.746511817 -0.013160078 0.665241897 7.592155457 0.018223271 0.999833703 -0.000670432 -0.965245366 -0.665122569 0.012623369 0.746627450 76.330436707
0.722051084 -0.013638588 0.691705346 8.231727600 0.018677006 0.999825478 0.000217516 -0.982035160 -0.691587746 0.012761928 0.722179711 76.992752075
0.696589708 -0.011425090 0.717378676 8.886959076 0.019321913 0.999809325 -0.002838856 -0.994358122 -0.717209458 0.015838645 0.696677625 77.631851196
0.670585036 -0.009475889 0.741772175 9.573017120 0.019781653 0.999791324 -0.005111234 -1.006752610 -0.741568923 0.018100996 0.670632422 78.232803345
0.643367648 -0.006658097 0.765528381 10.262287140 0.017685859 0.999824703 -0.006167743 -1.019387364 -0.765353024 0.017507154 0.643372595 78.824928284
0.615372002 -0.005336139 0.788218796 10.981201172 0.017805679 0.999816060 -0.007132484 -1.038769245 -0.788035750 0.018423902 0.615353882 79.381629944
0.586381793 0.001155294 0.810033917 11.720325470 0.016598700 0.999771833 -0.013441668 -1.057231188 -0.809864700 0.021327462 0.586228907 79.934394836
0.556285203 0.010618650 0.830923617 12.479484558 0.015466343 0.999612927 -0.023128768 -1.075192094 -0.830847502 0.025717543 0.555905640 80.444610596
0.525309265 0.019044880 0.850698292 13.255981445 0.014414883 0.999406934 -0.031275317 -1.101354718 -0.850789309 0.028691931 0.524723113 80.927490234
0.493400276 0.023985462 0.869471610 14.070446014 0.011758243 0.999344468 -0.034240637 -1.135606527 -0.869722903 0.027117800 0.492794782 81.401275635
0.460832089 0.023345230 0.887180328 14.899957657 0.010210724 0.999448359 -0.031603262 -1.170330524 -0.887428522 0.023622548 0.460339546 81.833885193
0.427552253 0.022250008 0.903716862 15.753330231 0.005713909 0.999610484 -0.027314240 -1.204259157 -0.903972566 0.016842021 0.427258551 82.248809814
0.393261909 0.023226697 0.919133186 16.610767365 0.001519161 0.999662995 -0.025911700 -1.242167950 -0.919425249 0.011586394 0.393094093 82.620178223
0.357872069 0.026256893 0.933401346 17.498373032 -0.005273441 0.999645472 -0.026098492 -1.274138451 -0.933755755 0.004417684 0.357883662 82.985610962
0.322258800 0.028213046 0.946231067 18.399816513 -0.010115010 0.999601305 -0.026359472 -1.306063890 -0.946597576 -0.001076565 0.322415739 83.293128967
0.285994023 0.027319379 0.957841814 19.312284470 -0.012509171 0.999614716 -0.024775811 -1.339843988 -0.958149791 -0.004896075 0.286225617 83.580017090
0.249465361 0.027222494 0.968001008 20.271970749 -0.013152031 0.999607801 -0.024721920 -1.368024588 -0.968294382 -0.006563916 0.249725506 83.843910217
0.213712946 0.026697682 0.976531684 21.220026016 -0.012370624 0.999620318 -0.024621615 -1.397927284 -0.976818144 -0.006818348 0.213962063 84.046028137
0.178567529 0.025470998 0.983597934 22.182144165 -0.010169648 0.999659240 -0.024040673 -1.426443219 -0.983875036 -0.005709961 0.178765714 84.214263916
0.143891305 0.024463302 0.989291072 23.154567719 -0.001594242 0.999698877 -0.024488783 -1.463093281 -0.989592135 0.001946553 0.143886983 84.351524353
0.110334009 0.027762214 0.993506789 24.123865128 0.000496353 0.999608278 -0.027987836 -1.499129415 -0.993894458 0.003581139 0.110276982 84.451347351
0.076813124 0.032321513 0.996521533 25.093597412 0.001326422 0.999470234 -0.032519396 -1.540554047 -0.997044563 0.003819724 0.076729544 84.542831421
0.047796454 0.036637135 0.998184919 26.113693237 0.008755165 0.999273300 -0.037096307 -1.574262857 -0.998818755 0.010512348 0.047440957 84.590408325
0.022413634 0.034811351 0.999142587 27.097879410 0.011099200 0.999323189 -0.035066649 -1.612282515 -0.999687195 0.011875654 0.022012087 84.603942871
0.000091847 0.031656764 0.999498844 28.090612411 0.012392393 0.999422014 -0.031655472 -1.652804017 -0.999923289 0.012389090 -0.000300508 84.600494385
-0.018872088 0.029653603 0.999382079 29.147613525 0.012414507 0.999489963 -0.029422371 -1.691091061 -0.999744833 0.011851574 -0.019230595 84.585823059
-0.035223305 0.032645006 0.998846114 30.139699936 0.014566123 0.999376953 -0.032148696 -1.732252240 -0.999273300 0.013416932 -0.035676870 84.546585083
-0.050206892 0.036897056 0.998057067 31.136476517 0.016945571 0.999204874 -0.036087055 -1.771642566 -0.998595059 0.015100829 -0.050792225 84.497573853
-0.062055066 0.042456508 0.997169316 32.142459869 0.020819277 0.998932540 -0.041235968 -1.811989188 -0.997855663 0.018201442 -0.062872730 84.429306030
-0.070979841 0.045988362 0.996417046 33.137397766 0.025997881 0.998682618 -0.044240970 -1.859366655 -0.997138858 0.022764513 -0.072081931 84.352897644
-0.076722018 0.051358826 0.995728850 34.135951996 0.029962821 0.998340189 -0.049184840 -1.911880851 -0.996602178 0.026061285 -0.078133546 84.267654419
-0.080201752 0.056064017 0.995200694 35.135307312 0.031849958 0.998051286 -0.053657871 -1.969483733 -0.996269584 0.027393647 -0.081831120 84.183311462
-0.083167434 0.060046546 0.994724870 36.144996643 0.033644501 0.997783065 -0.057418197 -2.032069683 -0.995967388 0.028691690 -0.085003302 84.095199585
-0.085449323 0.062804364 0.994361103 37.147243500 0.034355175 0.997603536 -0.060056880 -2.098577976 -0.995750010 0.029029630 -0.087402217 84.004379272
-0.087992944 0.066491179 0.993899465 38.168617249 0.035533924 0.997344255 -0.063575715 -2.163839817 -0.995487213 0.029722936 -0.090121940 83.908889771
-0.089901157 0.070573673 0.993447006 39.175262451 0.036627859 0.997045696 -0.067514732 -2.231562614 -0.995276988 0.030318189 -0.092220500 83.811698914
-0.091865361 0.071693227 0.993187249 40.185050964 0.039697807 0.996875584 -0.068287604 -2.309271574 -0.994979858 0.033154089 -0.094424382 83.710533142
-0.094146520 0.070335560 0.993070722 41.200122833 0.039875202 0.996967256 -0.066831231 -2.384404421 -0.994759500 0.033306971 -0.096665636 83.615646362
-0.096267983 0.070118375 0.992882609 42.224212646 0.039205492 0.997008622 -0.066608474 -2.460222006 -0.994583011 0.032514181 -0.098729059 83.515876770
-0.098836251 0.071473792 0.992533565 43.244380951 0.038842488 0.996934175 -0.067922749 -2.530714750 -0.994345248 0.031839248 -0.101309463 83.421981812
-0.100902960 0.073717758 0.992161393 44.262653351 0.038801316 0.996783972 -0.070115119 -2.611321211 -0.994139314 0.031422347 -0.103438787 83.306953430
-0.103521749 0.075842775 0.991731405 45.295406342 0.037145134 0.996687710 -0.072344422 -2.693870068 -0.993933380 0.029348772 -0.105996050 83.201057434
-0.106015936 0.079296686 0.991197586 46.320129395 0.034588940 0.996506035 -0.076021820 -2.776864767 -0.993762672 0.026224948 -0.108388305 83.094581604
-0.108263962 0.083717644 0.990590870 47.360454559 0.030896025 0.996249795 -0.080819197 -2.856061459 -0.993641973 0.021855509 -0.110444494 82.986709595
-0.111095332 0.085886523 0.990091562 48.406032562 0.028538827 0.996123552 -0.083207510 -2.946594238 -0.993399918 0.019012090 -0.113115758 82.869964600
-0.114094086 0.084291436 0.989887655 49.457984924 0.026539283 0.996297121 -0.081778325 -3.037425280 -0.993115425 0.016940482 -0.115908638 82.753898621
-0.116634041 0.080234736 0.989928722 50.510738373 0.023791896 0.996671140 -0.077978022 -3.127923965 -0.992889941 0.014457388 -0.118154705 82.626892090
-0.119045973 0.078471087 0.989782989 51.564132690 0.024168490 0.996805608 -0.076120995 -3.216817379 -0.992594600 0.014859663 -0.120562218 82.503814697
-0.121282034 0.078692190 0.989493906 52.595298767 0.023533164 0.996800244 -0.076388799 -3.308341503 -0.992339015 0.014021331 -0.122745864 82.385261536
-0.122440107 0.081726730 0.989105165 53.661087036 0.024497505 0.996548951 -0.079309262 -3.393989801 -0.992173433 0.014519970 -0.124019690 82.258018494
-0.123102494 0.084604204 0.988780975 54.725757599 0.024985263 0.996307731 -0.082137577 -3.481107473 -0.992079318 0.014593615 -0.124761842 82.124908447
-0.123378031 0.085279182 0.988688648 55.790885925 0.023962697 0.996266186 -0.082942486 -3.575206757 -0.992070377 0.013458368 -0.124960870 81.989662170
-0.123758569 0.083869226 0.988761663 56.846450806 0.020743828 0.996422708 -0.081922650 -3.669038057 -0.992095470 0.010372074 -0.125055626 81.869483948
-0.123485595 0.083191693 0.988853037 57.915416718 0.017126407 0.996510088 -0.081697151 -3.762470245 -0.992198586 0.006847074 -0.124479420 81.737960815
-0.123493731 0.084519625 0.988739491 58.982616425 0.013191540 0.996418118 -0.083528392 -3.852949619 -0.992257714 0.002727762 -0.124166332 81.610664368
-0.123580359 0.084795773 0.988705039 60.067649841 0.009303164 0.996397614 -0.084292687 -3.949625254 -0.992291033 -0.001218839 -0.123924032 81.479713440
-0.124272645 0.083850697 0.988698781 61.146736145 0.005540167 0.996466100 -0.083813071 -4.049099445 -0.992232621 -0.004938117 -0.124298006 81.357192993
-0.124817610 0.078890294 0.989038348 62.226711273 0.005582971 0.996873975 -0.078810729 -4.138919353 -0.992164016 -0.004315195 -0.124867871 81.234222412
-0.125094429 0.070287757 0.989651978 63.326248169 0.009315994 0.997526586 -0.069669493 -4.228420734 -0.992101133 0.000504327 -0.125439838 81.094337463
-0.124141105 0.064545959 0.990163088 64.440055847 0.015530763 0.997886300 -0.063102253 -4.320501328 -0.992143035 0.007544404 -0.124881156 80.931564331
-0.123951845 0.067093708 0.990017474 65.529373169 0.023605427 0.997628629 -0.064654090 -4.394712448 -0.992007375 0.015355791 -0.125241667 80.795700073
-0.122560866 0.073440194 0.989740133 66.650596619 0.028620640 0.997105241 -0.070442572 -4.463767052 -0.992048264 0.019693488 -0.124307960 80.637916565
-0.121108264 0.078625277 0.989520550 67.746711731 0.033156462 0.996622205 -0.075131521 -4.554299831 -0.992085576 0.023709953 -0.123306111 80.494216919
-0.120832980 0.083007775 0.989196301 68.844421387 0.033726718 0.996265709 -0.079481184 -4.644362450 -0.992099762 0.023758395 -0.123181336 80.370521545
-0.120306619 0.080324672 0.989481747 69.994865417 0.030999435 0.996539176 -0.077128507 -4.732892513 -0.992252648 0.021394312 -0.122380272 80.220520020
-0.119619124 0.075983755 0.989907920 71.120300293 0.030093996 0.996886432 -0.072882906 -4.821426868 -0.992363572 0.021072099 -0.121533334 80.079048157
-0.119467899 0.074237339 0.990058780 72.254791260 0.028195759 0.997052133 -0.071359426 -4.911236763 -0.992437601 0.019390296 -0.121208891 79.946174622
-0.119639382 0.074520610 0.990016639 73.398178101 0.025756711 0.997076392 -0.071939401 -4.996317863 -0.992483258 0.016892795 -0.121209018 79.815696716
-0.119605564 0.079927094 0.989598930 74.531089783 0.026930923 0.996648610 -0.077241533 -5.085408211 -0.992456138 0.017412296 -0.121357232 79.683998108
-0.118432865 0.082593828 0.989521086 75.661537170 0.026806576 0.996437311 -0.079962701 -5.179154396 -0.992600203 0.017055457 -0.120224983 79.541336060
-0.117865875 0.081685089 0.989664197 76.808135986 0.026932079 0.996507287 -0.079042390 -5.269732475 -0.992664278 0.017337313 -0.119654149 79.404640198
-0.117305174 0.074681565 0.990283847 77.956764221 0.028404281 0.997012794 -0.071824364 -5.368675232 -0.992689669 0.019702932 -0.119076014 79.263404846
-0.117894515 0.072863214 0.990349293 79.113334656 0.027568078 0.997160137 -0.070082501 -5.460667133 -0.992643416 0.019039683 -0.119568408 79.130477905
-0.117870711 0.076031074 0.990113974 80.267913818 0.024854857 0.996978223 -0.073599249 -5.546638489 -0.992717862 0.015933942 -0.119404279 79.004219055
-0.117847465 0.079252839 0.989863992 81.417327881 0.023997119 0.996746302 -0.076946892 -5.635188103 -0.992741704 0.014685891 -0.119365864 78.878410339
-0.117316470 0.078720063 0.989969671 82.604469299 0.023065139 0.996800363 -0.076529890 -5.726831436 -0.992826700 0.013855567 -0.118756801 78.734741211
-0.116940752 0.075366192 0.990275145 83.767707825 0.022289598 0.997064412 -0.073250718 -5.815618992 -0.992888749 0.013506842 -0.118277363 78.589050293
-0.116025969 0.074534521 0.990445673 84.945121765 0.022886204 0.997116268 -0.072355494 -5.904471397 -0.992982507 0.014272419 -0.117397189 78.449684143
-0.115078412 0.074766964 0.990538657 86.125045776 0.024600370 0.997072041 -0.072402090 -6.002362728 -0.993051827 0.016035696 -0.116580777 78.323051453
-0.113841377 0.074789762 0.990679920 87.316123962 0.026412660 0.997038066 -0.072234608 -6.095072746 -0.993147969 0.017943202 -0.115479581 78.170661926
-0.112933777 0.074260518 0.990823567 88.504615784 0.025816498 0.997085869 -0.071787305 -6.185959339 -0.993267119 0.017472381 -0.114521816 78.041229248
-0.111408055 0.074823163 0.990953982 89.716873169 0.027231736 0.997017026 -0.072219431 -6.279763699 -0.993401587 0.018939564 -0.113113306 77.899536133
-0.109629780 0.072997503 0.991288364 90.888854980 0.027689304 0.997136891 -0.070365950 -6.369445801 -0.993586779 0.019733883 -0.111337163 77.751625061
-0.108953960 0.072642982 0.991388977 92.096572876 0.025762439 0.997197568 -0.070237324 -6.455615997 -0.993712962 0.017887967 -0.110520080 77.633346558
-0.108322315 0.071412086 0.991547585 93.306243896 0.027432991 0.997251391 -0.068825960 -6.554748058 -0.993737280 0.019745734 -0.109983638 77.516632080
-0.105695784 0.072143450 0.991778076 94.520034790 0.025459621 0.997234344 -0.069827065 -6.647444725 -0.994072556 0.017869871 -0.107240200 77.365867615
-0.105016276 0.074919060 0.991644442 95.732620239 0.025411576 0.997034788 -0.072635189 -6.736306190 -0.994145811 0.017571369 -0.106608719 77.249938965
-0.103330441 0.073657297 0.991916001 96.968009949 0.023520142 0.997156322 -0.071596265 -6.831785202 -0.994368970 0.015931936 -0.104769029 77.118095398
-0.103001118 0.072757423 0.992016673 98.198043823 0.019981697 0.997271299 -0.071068116 -6.923251152 -0.994480491 0.012502084 -0.104173876 77.000411987
-0.103004776 0.073277935 0.991978109 99.430053711 0.016882410 0.997267842 -0.071915686 -7.020812035 -0.994537592 0.009339322 -0.103960469 76.880844116
-0.103476726 0.072804958 0.991963685 100.669342041 0.013847187 0.997326255 -0.071754076 -7.112310886 -0.994535565 0.006311029 -0.104208186 76.762001038
-0.104237825 0.070325360 0.992062867 101.920799255 0.011342845 0.997516096 -0.069520101 -7.207415581 -0.994487762 0.004006191 -0.104776606 76.630950928
-0.105648577 0.068651833 0.992030859 103.169105530 0.009255674 0.997638702 -0.068054192 -7.305228233 -0.994360507 0.001992083 -0.106034540 76.507438660
-0.106515452 0.067822583 0.991995275 104.417823792 0.007227224 0.997697353 -0.067436405 -7.400074482 -0.994284809 -0.000013648 -0.106760353 76.371353149
-0.108342923 0.068199933 0.991771400 105.666442871 0.007208851 0.997671604 -0.067818165 -7.490013123 -0.994087398 -0.000198085 -0.108582303 76.243354797
-0.110811159 0.066470139 0.991616130 106.926246643 0.006474317 0.997787952 -0.066160351 -7.584775448 -0.993820369 -0.000911270 -0.110996388 76.110366821
-0.114524588 0.061500773 0.991514802 108.187828064 0.003678579 0.998101294 -0.061484411 -7.675730705 -0.993413687 -0.003394111 -0.114533365 75.981468201
-0.119059607 0.061634671 0.990972221 109.426124573 0.003288231 0.998090386 -0.061682325 -7.761331558 -0.992881656 -0.004085329 -0.119034924 75.848007202
-0.124540612 0.067591041 0.989909649 110.651741028 -0.001696525 0.997661114 -0.068333745 -7.849199295 -0.992213070 -0.010189734 -0.124134652 75.702766418
-0.131752342 0.070718378 0.988756955 111.881561279 -0.000167499 0.997450471 -0.071362473 -7.940717697 -0.991282701 -0.009567788 -0.131404564 75.550041199
-0.140690163 0.066534348 0.987815559 113.118087769 0.001719269 0.997754276 -0.066958904 -8.037145615 -0.990052283 -0.007722138 -0.140488565 75.377899170
-0.151453346 0.064495780 0.986358047 114.339584351 0.003742747 0.997899294 -0.064675756 -8.132219315 -0.988457322 -0.006103671 -0.151376605 75.194580078
-0.164518058 0.065429494 0.984201610 115.564346313 0.003705375 0.997831523 -0.065716237 -8.222617149 -0.986367166 -0.007164666 -0.164403707 74.996231079
-0.178720593 0.065670736 0.981705785 116.790313721 0.006245731 0.997825682 -0.065612011 -8.316651344 -0.983880043 -0.005594750 -0.178742185 74.778564453
-0.193242207 0.063557945 0.979090273 117.999633789 0.007042455 0.997963846 -0.063393168 -8.407784462 -0.981125832 -0.005355035 -0.193296388 74.545372009
-0.208603755 0.065905713 0.975777030 119.193077087 0.010708725 0.997820973 -0.065105252 -8.503499031 -0.977941632 -0.003131871 -0.208854944 74.297096252
-0.223600492 0.069447778 0.972203493 120.371673584 0.011265025 0.997575879 -0.068669319 -8.592557907 -0.974615812 -0.004402597 -0.223840803 74.032272339
-0.238927439 0.073073156 0.968284011 121.537696838 0.010636627 0.997301638 -0.072638392 -8.687739372 -0.970979333 -0.007056030 -0.239059955 73.751815796
-0.254861176 0.071113326 0.964359164 122.708908081 0.006868759 0.997400224 -0.071734533 -8.780168533 -0.966953337 -0.011658399 -0.254687041 73.453460693
-0.270760715 0.065171629 0.960438073 123.887199402 0.001768325 0.997737646 -0.067204125 -8.882808685 -0.962645054 -0.016497871 -0.270263314 73.130531311
-0.286605626 0.061002921 0.956104457 125.053916931 -0.002131779 0.997927606 -0.064310409 -8.973372459 -0.958046257 -0.020469928 -0.285881579 72.800247192
-0.301691234 0.062467672 0.951357007 126.211776733 -0.004238527 0.997753501 -0.066858239 -9.062903404 -0.953396261 -0.024202902 -0.300748706 72.452171326
-0.316158205 0.064765751 0.946493208 127.352645874 -0.004407397 0.997556031 -0.069732025 -9.147499084 -0.948696196 -0.026217926 -0.315100074 72.081108093
-0.329985410 0.066683903 0.941627800 128.488708496 -0.002862392 0.997426569 -0.071638562 -9.245855331 -0.943981767 -0.026334982 -0.328945249 71.695465088
-0.344307512 0.066579849 0.936493158 129.614532471 -0.000632364 0.997465670 -0.071147166 -9.341747284 -0.938856781 -0.025088709 -0.343392760 71.294769287
-0.358124912 0.064132720 0.931468487 130.748764038 -0.001213893 0.997605264 -0.069153056 -9.444372177 -0.933672965 -0.025896130 -0.357189417 70.871627808
-0.372765601 0.063044779 0.925781369 131.867355347 -0.001597341 0.997644186 -0.068581745 -9.534332275 -0.927924216 -0.027043704 -0.371786803 70.428680420
-0.387671381 0.063863859 0.919582605 132.961563110 -0.002876762 0.997508407 -0.070488468 -9.636480331 -0.921793163 -0.029971782 -0.386521667 69.989852905
-0.402609468 0.066391520 0.912961006 134.052749634 -0.001849665 0.997305214 -0.073340818 -9.723514557 -0.915369987 -0.031216379 -0.401401699 69.518554688
-0.417102873 0.068054609 0.906307638 135.145050049 -0.000411095 0.997178555 -0.075067282 -9.823045731 -0.908859193 -0.031683352 -0.415897995 69.025161743
-0.431441188 0.070764869 0.899361312 136.221389771 0.002767613 0.997017920 -0.077121153 -9.923004150 -0.902136803 -0.030784154 -0.430350482 68.511734009
-0.446578562 0.073804908 0.891695380 137.306732178 0.002070765 0.996674776 -0.081456907 -10.023474693 -0.894742072 -0.034530420 -0.445246458 67.987899780
-0.461323559 0.076280065 0.883946776 138.370498657 0.003340070 0.996439576 -0.084244460 -10.122965813 -0.887225628 -0.035911508 -0.459935844 67.433998108
-0.477038980 0.073477961 0.875805259 139.447784424 0.001914990 0.996583641 -0.082567900 -10.228567123 -0.878880084 -0.037710954 -0.475549906 66.876739502
-0.493306041 0.068848178 0.867126882 140.517379761 -0.001025114 0.996816158 -0.079728439 -10.334854126 -0.869855225 -0.040219422 -0.491664827 66.289535522
-0.509235859 0.069050483 0.857852519 141.587829590 -0.001324147 0.996712089 -0.081013657 -10.441031456 -0.860626042 -0.042390969 -0.507470071 65.672592163
-0.525158226 0.068257608 0.848262846 142.635711670 -0.002536385 0.996648133 -0.081768081 -10.541769028 -0.851000905 -0.045092691 -0.523224831 65.041946411
-0.540937304 0.067394264 0.838358462 143.674835205 -0.003053284 0.996620536 -0.082086764 -10.642156601 -0.841057420 -0.046963546 -0.538903415 64.379440308
-0.556606531 0.066887572 0.828079283 144.698730469 -0.004225568 0.996512771 -0.083332971 -10.749533653 -0.830765545 -0.049882773 -0.554382861 63.705841064
-0.571974814 0.065963052 0.817614675 145.734680176 -0.004626487 0.996486127 -0.083630465 -10.863107681 -0.820258200 -0.051617194 -0.569659770 63.000755310
-0.587135494 0.063507818 0.806993663 146.745849609 -0.004785184 0.996628046 -0.081912927 -10.968203545 -0.809474587 -0.051955599 -0.584851742 62.278793335
-0.602049589 0.059811670 0.796215355 147.758666992 -0.005157281 0.996878445 -0.078785092 -11.073469162 -0.798442066 -0.051538832 -0.599861741 61.526893616
-0.616942346 0.058279838 0.784847498 148.751922607 -0.004142502 0.997000098 -0.077289790 -11.179151535 -0.786997437 -0.050934572 -0.614850223 60.758922577
-0.631701112 0.056589056 0.773143709 149.723770142 -0.005061423 0.997009754 -0.077110037 -11.281204224 -0.775195479 -0.052623719 -0.629525781 59.982604980
-0.646443725 0.057573669 0.760786295 150.685943604 -0.006186518 0.996720433 -0.080685057 -11.389137268 -0.762936592 -0.056864962 -0.643967569 59.182518005
-0.661752701 0.056876197 0.747561634 151.639358521 -0.008400978 0.996493042 -0.083252154 -11.495273590 -0.749675095 -0.061372574 -0.658954203 58.363452911
-0.677677929 0.053692281 0.733395994 152.588150024 -0.010075277 0.996559262 -0.082268424 -11.606758118 -0.735289812 -0.063140668 -0.674805284 57.520999908
-0.693836987 0.046099901 0.718655050 153.516021729 -0.013625484 0.996929884 -0.077105455 -11.716882706 -0.720003247 -0.063290648 -0.691078603 56.653614044
-0.710644186 0.043690346 0.702193677 154.432830811 -0.014500219 0.996948421 -0.076704651 -11.821553230 -0.703402221 -0.064691663 -0.707842052 55.753124237
-0.727951646 0.040964231 0.684403598 155.327667236 -0.016258530 0.996901512 -0.076961488 -11.927434921 -0.685435653 -0.067151643 -0.725030124 54.829521179
-0.745338321 0.037074108 0.665654778 156.207458496 -0.019613169 0.996801138 -0.077478550 -12.030616760 -0.666397750 -0.070803344 -0.742226958 53.881904602
-0.762026966 0.035479851 0.646572649 157.052886963 -0.018833928 0.996861100 -0.076898471 -12.137046814 -0.647271395 -0.070776217 -0.758966804 52.921756744
-0.777695894 0.037297923 0.627533197 157.868316650 -0.016772624 0.996651888 -0.080022953 -12.250887871 -0.628416836 -0.072758906 -0.774466515 51.919517517
-0.792842567 0.037049536 0.608299196 158.669357300 -0.013355185 0.996854305 -0.078121997 -12.353271484 -0.609280109 -0.070062399 -0.789853752 50.905517578
-0.807542384 0.038004778 0.588583708 159.446334839 -0.009341680 0.996972501 -0.077191271 -12.473173141 -0.589735448 -0.067833588 -0.804742575 49.875198364
-0.821386516 0.039594933 0.568995953 160.174972534 -0.007374697 0.996766925 -0.080008291 -12.575666428 -0.570324242 -0.069913901 -0.818438947 48.802646637
-0.835227191 0.040950555 0.548377931 160.893890381 -0.006499195 0.996418715 -0.084307194 -12.690041542 -0.549866378 -0.073979676 -0.831969917 47.746852875
-0.847982466 0.041510034 0.528396308 161.589218140 -0.003672767 0.996444404 -0.084173344 -12.801925659 -0.530011535 -0.073318191 -0.844814897 46.652111053
-0.859570503 0.039662987 0.509475589 162.256134033 -0.002477077 0.996648252 -0.081768923 -12.916079521 -0.511011124 -0.071548164 -0.856591225 45.544975281
-0.870015264 0.041365862 0.491286367 162.894226074 0.000285558 0.996516109 -0.083400071 -13.031208038 -0.493024558 -0.072419055 -0.866996109 44.429157257
-0.879289269 0.044323143 0.474221289 163.503280640 0.003243566 0.996194780 -0.087095328 -13.146130562 -0.476277053 -0.075043812 -0.876087070 43.303539276
-0.888264000 0.041933052 0.457415134 164.100524902 0.001469865 0.996078670 -0.088460118 -13.265449524 -0.459330857 -0.077903599 -0.884842455 42.174152374
-0.896559954 0.039290085 0.441176564 164.687316895 0.000477239 0.996142983 -0.087744147 -13.386436462 -0.442922473 -0.078457348 -0.893120468 41.026779175
-0.903670967 0.037108406 0.426616490 165.246124268 -0.000622270 0.996123493 -0.087963961 -13.507971764 -0.428226918 -0.079755969 -0.900144875 39.871429443
-0.910180211 0.035311993 0.412704498 165.783508301 -0.000948243 0.996179283 -0.087326773 -13.632122040 -0.414211392 -0.079874456 -0.906669140 38.701141357
-0.916527629 0.032692697 0.398632795 166.308120728 -0.001945600 0.996277750 -0.086180083 -13.756879807 -0.399966449 -0.079762034 -0.913052499 37.543857574
-0.921943963 0.027695132 0.386331856 166.819900513 -0.004640240 0.996578991 -0.082515657 -13.879953384 -0.387295485 -0.077867486 -0.918661475 36.318252563
-0.927152097 0.024327807 0.373894513 167.322082520 -0.005787630 0.996840954 -0.079212092 -13.992466927 -0.374640465 -0.075605616 -0.924082458 35.129455566
-0.931474388 0.025020223 0.362945557 167.813903809 -0.002912051 0.997087717 -0.076209374 -14.099863052 -0.363795280 -0.072044007 -0.928688705 33.911991119
-0.934711933 0.029027663 0.354218841 168.273635864 0.001413958 0.996954918 -0.077967696 -14.207097054 -0.355403423 -0.072376490 -0.931906700 32.719600677
-0.936936200 0.034078632 0.347835124 168.729919434 0.006775868 0.996818960 -0.079410233 -14.318959236 -0.349434793 -0.072045431 -0.934186697 31.499591827
-0.938793302 0.037218571 0.342464656 169.169494629 0.009594774 0.996585667 -0.082005486 -14.427482605 -0.344347507 -0.073700331 -0.935945034 30.300846100
-0.940722167 0.034458950 0.337423176 169.622146606 0.007701316 0.996739447 -0.080319896 -14.547340393 -0.339090705 -0.072960101 -0.937920272 29.080442429
-0.942595243 0.027074812 0.332838297 170.065277100 0.001709421 0.997086048 -0.076267123 -14.662960052 -0.333933324 -0.071320072 -0.939894676 27.873106003
-0.944427431 0.021156831 0.328038365 170.511016846 -0.003593550 0.997202516 -0.074660480 -14.765248299 -0.328700244 -0.071690224 -0.941709459 26.647392273
-0.946005344 0.014476994 0.323827505 170.939178467 -0.010848657 0.997028470 -0.076265492 -14.868241310 -0.323969364 -0.075660668 -0.943037271 25.436182022
-0.947347045 0.012489012 0.319964945 171.371475220 -0.013494126 0.996794522 -0.078860477 -14.976902008 -0.319924176 -0.079025894 -0.944141686 24.215698242
-0.948185384 0.012366531 0.317476571 171.789672852 -0.014182788 0.996598721 -0.081178851 -15.086358070 -0.317400604 -0.081475310 -0.944784999 23.007106781
-0.948323846 0.013096998 0.317033798 172.204910278 -0.013998847 0.996448100 -0.083038189 -15.204662323 -0.316995263 -0.083185196 -0.944772065 21.777999878
-0.948121667 0.015648514 0.317522466 172.610992432 -0.011959909 0.996324956 -0.084814355 -15.320134163 -0.317682713 -0.084211856 -0.944450200 20.567146301
-0.947709620 0.016819673 0.318690211 173.025619507 -0.011475107 0.996168315 -0.086699568 -15.434388161 -0.318927348 -0.085823007 -0.943885446 19.341209412
-0.947371960 0.018168990 0.319619000 173.443344116 -0.010600694 0.996060193 -0.088042989 -15.560224533 -0.319959372 -0.086797640 -0.943446934 18.127021790
-0.946589351 0.019106766 0.321874917 173.856018066 -0.009830297 0.996068895 -0.088036969 -15.677268982 -0.322291732 -0.086498998 -0.942680240 16.915317535
-0.945757091 0.018549228 0.324344724 174.276580811 -0.010694916 0.996050000 -0.088149250 -15.802713394 -0.324698687 -0.086836614 -0.941822827 15.701248169
-0.944513559 0.017428789 0.328009784 174.700042725 -0.012209271 0.996038437 -0.088081427 -15.925535202 -0.328245521 -0.087198853 -0.940558910 14.510395050
-0.942982495 0.016068907 0.332454056 175.131698608 -0.013154194 0.996254385 -0.085464142 -16.048740387 -0.332582116 -0.084964357 -0.939239085 13.321041107
-0.941053748 0.014012608 0.337966830 175.575805664 -0.014871996 0.996461511 -0.082725212 -16.168132782 -0.337930053 -0.082875103 -0.937515199 12.126243591
-0.938478947 0.011085981 0.345158488 176.012222290 -0.017652377 0.996638000 -0.080006994 -16.279987335 -0.344885051 -0.081177741 -0.935128093 10.940853119
-0.935967207 0.013266354 0.351837128 176.463485718 -0.016033815 0.996647179 -0.080233119 -16.387163162 -0.351721972 -0.080736861 -0.932616353 9.768253326
-0.932662070 0.013641463 0.360493213 176.916687012 -0.016265700 0.996678352 -0.079797737 -16.505846024 -0.360384464 -0.080288000 -0.929342151 8.591915131
-0.928914607 0.016351474 0.369932681 177.380157471 -0.015231237 0.996491730 -0.082292326 -16.615440369 -0.369980603 -0.082077079 -0.925406754 7.437694550
-0.924655914 0.017893702 0.380382925 177.864013672 -0.014248587 0.996570170 -0.081516191 -16.726013184 -0.380536914 -0.080794349 -0.921229541 6.260437012
-0.919936001 0.019624881 0.391577154 178.356536865 -0.013778282 0.996511281 -0.082312137 -16.841331482 -0.391826510 -0.081117153 -0.916456223 5.120292664
-0.914641619 0.021125209 0.403713524 178.877090454 -0.013776274 0.996424913 -0.083351277 -16.956584930 -0.404031068 -0.081798203 -0.911080599 3.992733002
-0.908453941 0.023360763 0.417331725 179.405059814 -0.012573459 0.996457815 -0.083148316 -17.071054459 -0.417795867 -0.080783717 -0.904942274 2.837341309
-0.901882827 0.023004964 0.431367815 179.956237793 -0.013282816 0.996631920 -0.080921724 -17.176300049 -0.431776553 -0.078711696 -0.898539662 1.659606934
-0.895471454 0.025457934 0.444390267 180.521697998 -0.011910484 0.996635258 -0.081094854 -17.293083191 -0.444959521 -0.077911034 -0.892155290 0.525642395
-0.888488531 0.027797302 0.458056271 181.084442139 -0.010238668 0.996714354 -0.080345847 -17.399616241 -0.458784699 -0.076076232 -0.885284722 -0.586547852
-0.881400704 0.029373735 0.471455246 181.679595947 -0.008634075 0.996896088 -0.078252666 -17.504343033 -0.472290486 -0.073042549 -0.878411293 -1.688796997
-0.873934925 0.031030640 0.485051304 182.288391113 -0.006653027 0.997102678 -0.075775579 -17.609981537 -0.485997438 -0.069449991 -0.871196389 -2.778228760
-0.865272641 0.034427952 0.500117958 182.901931763 -0.002827704 0.997287929 -0.073545270 -17.719074249 -0.501293600 -0.065050885 -0.862828553 -3.867774963
-0.856998801 0.037214898 0.513972878 183.541931152 -0.000619194 0.997313976 -0.073244296 -17.811193466 -0.515318096 -0.063088521 -0.854673743 -4.898384094
-0.846048295 0.040556397 0.531561434 184.178344727 0.003110652 0.997460663 -0.071151987 -17.919227600 -0.533097208 -0.058544509 -0.844026029 -5.952003479
-0.835659683 0.043179028 0.547547698 184.837463379 0.005768369 0.997539997 -0.069861360 -18.020263672 -0.549217343 -0.055221852 -0.833853126 -6.948852539
-0.823921978 0.044966672 0.564916432 185.515808105 0.007382124 0.997614026 -0.068642162 -18.125356674 -0.566655159 -0.052385509 -0.822288036 -7.970726013
-0.812994063 0.046665072 0.580399036 186.230529785 0.007815516 0.997568130 -0.069258593 -18.216403961 -0.582219481 -0.051770706 -0.811381578 -8.941757202
-0.799598932 0.049629338 0.598480165 186.953384399 0.010680763 0.997596979 -0.068456322 -18.314693451 -0.600439429 -0.048345380 -0.798207521 -9.934516907
-0.786089122 0.050429970 0.616052628 187.703918457 0.011726753 0.997703612 -0.066708431 -18.401493073 -0.618001997 -0.045214467 -0.784875274 -10.890144348
-0.771079004 0.052776944 0.634548485 188.470520020 0.014885735 0.997780740 -0.064899288 -18.494857788 -0.636565447 -0.040596757 -0.770153463 -11.819900513
-0.754822493 0.054583121 0.653653979 189.258224487 0.015167895 0.997717619 -0.065798551 -18.585464478 -0.655753613 -0.039751671 -0.753927708 -12.730964661
