1.000000000 0.000000000 0.000000000 0.000000000 0.000000000 1.000000000 0.000000000 0.000000000 0.000000000 0.000000000 1.000000000 0.000000000
0.999998689 0.000733716 0.001455676 -0.002857952 -0.000727094 0.999989390 -0.004544615 -0.019269479 -0.001458995 0.004543551 0.999988616 0.961226106
0.999996364 -0.001459164 0.002257554 -0.000166340 0.001471406 0.999984145 -0.005430439 -0.033413559 -0.002249594 0.005433741 0.999982715 1.911029577
0.999992013 -0.003413693 0.002088408 0.004982955 0.003416679 0.999993145 -0.001428027 -0.049642619 -0.002083519 0.001435151 0.999996781 2.860109329
0.999984801 -0.005205282 0.001822725 -0.000795816 0.005196725 0.999975622 0.004668109 -0.069417313 -0.001846979 -0.004658566 0.999987423 3.799619675
0.999955773 -0.009373261 0.000805753 -0.010789989 0.009369018 0.999943018 0.005117397 -0.093090363 -0.000853673 -0.005109622 0.999986589 4.715857029
0.999928713 -0.011941395 -0.000094998 -0.011976488 0.011941590 0.999925733 0.002431065 -0.109049648 0.000065960 -0.002432026 0.999997020 5.635670662
0.999919415 -0.012666403 -0.000881622 -0.020132145 0.012665775 0.999919534 -0.000715656 -0.134442508 0.000890616 0.000704432 0.999999344 6.607260704
0.999919236 -0.012596698 -0.001685258 -0.025477398 0.012594890 0.999920070 -0.001078978 -0.154160947 0.001698715 0.001057666 0.999997973 7.551164150
0.999943554 -0.010291780 -0.002644612 0.000308791 0.010291541 0.999947011 -0.000103706 -0.151246950 0.002645540 0.000076483 0.999996483 8.482987404
0.999939024 -0.010109331 -0.004437339 0.002892125 0.010121983 0.999944746 0.002838178 -0.165456980 0.004408402 -0.002882919 0.999986172 9.399605751
0.999935031 -0.010159807 -0.005161657 -0.000264831 0.010180061 0.999940515 0.003912675 -0.173970968 0.005121598 -0.003964966 0.999978960 10.330119133
0.999916971 -0.011433146 -0.005950518 -0.002825975 0.011462856 0.999921918 0.004983148 -0.186151773 0.005893080 -0.005050944 0.999969900 11.244116783
0.999914229 -0.011692654 -0.005924816 -0.007196538 0.011720132 0.999920547 0.004624288 -0.192537546 0.005870276 -0.004693329 0.999971688 12.164770126
0.999913871 -0.011682427 -0.005986717 -0.024811406 0.011701129 0.999926686 0.003098650 -0.204440787 0.005950078 -0.003168433 0.999977231 13.057415962
0.999891043 -0.012106187 -0.008454979 -0.020359471 0.012116770 0.999925852 0.001201686 -0.218714103 0.008439803 -0.001304002 0.999963522 13.959464073
0.999863029 -0.013296517 -0.009857651 -0.031101011 0.013296194 0.999911606 -0.000098290 -0.233805820 0.009858087 -0.000032793 0.999951363 14.854214668
0.999846280 -0.013695279 -0.010937147 -0.047082171 0.013680140 0.999905288 -0.001457712 -0.234238461 0.010956075 0.001307866 0.999939144 15.772535324
0.999843419 -0.012450037 -0.012571259 -0.062642977 0.012419729 0.999919713 -0.002485821 -0.249038652 0.012601198 0.002329301 0.999917924 16.667451859
0.999841392 -0.010799222 -0.014161962 -0.080833212 0.010765595 0.999939024 -0.002448598 -0.266961128 0.014187541 0.002295748 0.999896705 17.558990479
0.999820411 -0.011266373 -0.015231814 -0.102766901 0.011240596 0.999935210 -0.001776695 -0.281459153 0.015250844 0.001605161 0.999882460 18.450737000
0.999802172 -0.010786807 -0.016707169 -0.119672447 0.010778991 0.999941766 -0.000557697 -0.298392534 0.016712211 0.000377500 0.999860287 19.343534470
0.999786675 -0.010601591 -0.017727703 -0.146727756 0.010602064 0.999943793 -0.000067225 -0.314340085 0.017727420 -0.000120740 0.999842882 20.225643158
0.999741673 -0.011400107 -0.019661501 -0.157622278 0.011406180 0.999934971 0.000196651 -0.335291773 0.019657981 -0.000420863 0.999806702 21.098970413
0.999715745 -0.011637405 -0.020808727 -0.179973423 0.011640853 0.999932289 0.000044584 -0.355564833 0.020806801 -0.000286803 0.999783456 21.967697144
0.999676406 -0.012143468 -0.022350803 -0.183018923 0.012160095 0.999925852 0.000608136 -0.366137296 0.022341756 -0.000879728 0.999750018 22.793992996
0.999634981 -0.011986159 -0.024211276 -0.198047251 0.012056371 0.999923468 0.002756079 -0.380979300 0.024176391 -0.003046973 0.999703109 23.649168015
0.999619484 -0.013165407 -0.024239054 -0.226069361 0.013313934 0.999893486 0.005976442 -0.396603435 0.024157792 -0.006296885 0.999688387 24.490276337
0.999595344 -0.012814119 -0.025397293 -0.242554188 0.013003321 0.999888718 0.007298599 -0.406410426 0.025300948 -0.007625895 0.999650776 25.329023361
0.999600053 -0.011875984 -0.025664285 -0.270905584 0.012042510 0.999907255 0.006343897 -0.419949353 0.025586564 -0.006650422 0.999650478 26.155529022
0.999603927 -0.010120251 -0.026259789 -0.294696420 0.010201298 0.999943614 0.002954199 -0.421430320 0.026228411 -0.003220914 0.999650776 26.959686279
0.999574184 -0.009705955 -0.027516056 -0.313156009 0.009739705 0.999952018 0.001092810 -0.430029571 0.027504127 -0.001360344 0.999620795 27.759206772
0.999579012 -0.008795714 -0.027647359 -0.347026467 0.008823461 0.999960721 0.000881732 -0.444354981 0.027638517 -0.001125307 0.999617279 28.551774979
0.999551952 -0.008759093 -0.028621377 -0.373803258 0.008771805 0.999961495 0.000318509 -0.456735790 0.028617481 -0.000569428 0.999590278 29.330533981
0.999493659 -0.007185302 -0.030998826 -0.399977386 0.007163582 0.999974012 -0.000811724 -0.467220992 0.031003851 0.000589251 0.999519110 30.101186752
0.999416888 -0.008733957 -0.033009820 -0.411291659 0.008720868 0.999961793 -0.000540494 -0.488421857 0.033013277 0.000252304 0.999454796 30.858192444
0.999342978 -0.008561060 -0.035220310 -0.438310564 0.008581586 0.999963105 0.000431661 -0.497662544 0.035215322 -0.000733623 0.999379456 31.616374969
0.999271452 -0.008517256 -0.037202910 -0.466338634 0.008612668 0.999960005 0.002405097 -0.505164504 0.037180938 -0.002723760 0.999304831 32.370315552
0.999192655 -0.007488308 -0.039471947 -0.490454853 0.007640625 0.999963939 0.003709450 -0.514597237 0.039442740 -0.004008046 0.999213696 33.117179871
0.999118507 -0.006091729 -0.041533697 -0.520134449 0.006246211 0.999974072 0.003590678 -0.520641923 0.041510746 -0.003846942 0.999130547 33.843376160
0.999059498 -0.003685477 -0.043205477 -0.557145715 0.003811140 0.999988794 0.002826479 -0.533832550 0.043194570 -0.002988483 0.999062240 34.556209564
0.998965740 -0.002010521 -0.045427382 -0.585951090 0.002103432 0.999995768 0.001997574 -0.543587744 0.045423180 -0.002091061 0.998965621 35.274761200
0.998902142 -0.002277603 -0.046789803 -0.613144159 0.002464548 0.999989212 0.003938120 -0.558839977 0.046780337 -0.004049112 0.998897016 35.983997345
0.998853624 -0.000652181 -0.047864020 -0.653595090 0.000943347 0.999981225 0.006060873 -0.570601285 0.047859170 -0.006099077 0.998835444 36.662231445
0.998839617 0.001939656 -0.048119955 -0.687909603 -0.001627662 0.999977410 0.006522012 -0.579849482 0.048131511 -0.006436122 0.998820305 37.337722778
0.998891354 0.005161696 -0.046792649 -0.725328326 -0.004960757 0.999978006 0.004409356 -0.590269268 0.046814371 -0.004172340 0.998894930 37.999237061
0.998969674 0.006669637 -0.044889037 -0.759626031 -0.006630677 0.999977529 0.001016761 -0.596658647 0.044894803 -0.000718069 0.998991489 38.663982391
0.999061644 0.007640515 -0.042630963 -0.790808737 -0.007694765 0.999969721 -0.001108586 -0.600063980 0.042621203 0.001435581 0.999090254 39.304130554
0.999147952 0.008606898 -0.040364183 -0.801216304 -0.008635900 0.999962509 -0.000544158 -0.608058572 0.040357996 0.000892275 0.999184906 39.962348938
0.999253511 0.012646575 -0.036502410 -0.841074288 -0.012542394 0.999916553 0.003081693 -0.637658238 0.036538340 -0.002621565 0.999328792 40.609916687
0.999317110 0.016938593 -0.032839093 -0.866840720 -0.016732389 0.999838650 0.006544039 -0.647680342 0.032944649 -0.005990093 0.999439299 41.227531433
0.999347508 0.022216341 -0.028477758 -0.891489863 -0.022012204 0.999729872 0.007461941 -0.655114174 0.028635841 -0.006830213 0.999566555 41.827587128
0.999401450 0.026198957 -0.022587333 -0.915444493 -0.026036533 0.999633133 0.007455361 -0.658369958 0.022774376 -0.006862802 0.999717057 42.410255432
0.999406159 0.029924821 -0.017076747 -0.924958110 -0.029769320 0.999513626 0.009288666 -0.662656546 0.017346404 -0.008774787 0.999811053 42.980499268
0.999351025 0.034460541 -0.010490105 -0.933840573 -0.034349680 0.999354005 0.010570859 -0.670403600 0.010847611 -0.010203667 0.999889076 43.536861420
0.999309778 0.037024733 -0.002986412 -0.941166162 -0.036991898 0.999261558 0.010386459 -0.680231571 0.003368765 -0.010268818 0.999941647 44.052246094
0.999197960 0.039839666 0.004008363 -0.927415192 -0.039880309 0.999147892 0.010630350 -0.684623480 -0.003581438 -0.010781679 0.999935448 44.604801178
0.998950601 0.044225927 0.011903754 -0.930139780 -0.044347297 0.998964667 0.010131923 -0.689226866 -0.011443337 -0.010649188 0.999877810 45.091827393
0.998634279 0.048415709 0.019628979 -0.925934911 -0.048569880 0.998792052 0.007454892 -0.695347548 -0.019244332 -0.008398087 0.999779522 45.553890228
0.998358786 0.050228946 0.027512170 -0.911532521 -0.050362326 0.998722255 0.004176043 -0.699491441 -0.027267260 -0.005554767 0.999612689 46.003684998
0.998084664 0.050616726 0.035564847 -0.896019459 -0.050795007 0.998700559 0.004126654 -0.708415508 -0.035309758 -0.005925267 0.999358952 46.426296234
0.997828603 0.049655229 0.043269552 -0.867530107 -0.049932327 0.998738348 0.005346239 -0.712366521 -0.042949487 -0.007495180 0.999049067 46.825912476
0.997370780 0.051025733 0.051457029 -0.847463846 -0.051397577 0.998660684 0.005928171 -0.716384053 -0.051085629 -0.008557351 0.998657525 47.198955536
0.996711254 0.053899780 0.060508512 -0.829870939 -0.054355226 0.998504162 0.005905103 -0.718997240 -0.060099721 -0.009174637 0.998150229 47.556182861
0.995917439 0.058526829 0.068724014 -0.804342508 -0.059054255 0.998238683 0.005666368 -0.731004000 -0.068271331 -0.009701679 0.997619748 47.906082153
0.995034754 0.062173441 0.077718735 -0.780701160 -0.062799960 0.998010278 0.005641116 -0.736162543 -0.077213362 -0.010493841 0.996959448 48.208969116
0.994315207 0.061335422 0.087035552 -0.748761654 -0.062119726 0.998048663 0.006329060 -0.743228436 -0.086477503 -0.011699704 0.996185124 48.490283966
0.993424773 0.059999712 0.097505361 -0.708208561 -0.060710717 0.998145998 0.004338827 -0.747174382 -0.097064242 -0.010229919 0.995225608 48.763851166
0.992305994 0.058427773 0.109155551 -0.665278912 -0.058780521 0.998270929 0.000013861 -0.754109621 -0.108965993 -0.006429974 0.994024754 49.034984589
0.990675211 0.059224561 0.122699142 -0.628907681 -0.059213206 0.998238325 -0.003742208 -0.764092982 -0.122704610 -0.003558096 0.992436826 49.303001404
0.988527119 0.060839780 0.138248846 -0.585902691 -0.060576469 0.998144805 -0.006115268 -0.769409537 -0.138364449 -0.002329519 0.990378678 49.558540344
0.986014783 0.062166784 0.154628977 -0.538085461 -0.061777975 0.998062968 -0.007323157 -0.777565360 -0.154784724 -0.002331923 0.987945437 49.813549042
0.983196557 0.062221125 0.171618581 -0.483087540 -0.061665274 0.998060048 -0.008573264 -0.781813025 -0.171819106 -0.002153703 0.985126138 50.073509216
0.979976594 0.060749050 0.189619243 -0.420428276 -0.059975918 0.998151600 -0.009818442 -0.783176839 -0.189865202 -0.001750745 0.981808662 50.335968018
0.976127148 0.059420198 0.208913565 -0.350208282 -0.058620650 0.998229980 -0.010022361 -0.792434812 -0.209139347 -0.002463550 0.977882802 50.573337555
0.971593618 0.059073009 0.229164273 -0.276371002 -0.057979856 0.998251438 -0.011506390 -0.791410863 -0.229443282 -0.002107378 0.973319769 50.842433929
0.966257095 0.060642723 0.250338942 -0.198581696 -0.059109788 0.998158216 -0.013644596 -0.797796369 -0.250705302 -0.001613294 0.968062162 51.083278656
0.960075378 0.062529959 0.272663236 -0.108300209 -0.060661249 0.998041272 -0.015286680 -0.814324617 -0.273084998 -0.001863724 0.961988091 51.284393311
0.952718437 0.063294902 0.297189116 -0.013990402 -0.061213609 0.997991323 -0.016314277 -0.823406637 -0.297624767 -0.002649102 0.954679251 51.527397156
0.944144607 0.065674946 0.322920710 0.087626457 -0.063562281 0.997831345 -0.017095692 -0.833734989 -0.323343098 -0.004384764 0.946271718 51.770267487
0.934319198 0.067220628 0.350041419 0.197271347 -0.065065697 0.997719884 -0.017927069 -0.847689748 -0.350448340 -0.006026084 0.936562717 52.005043030
0.923105955 0.067357570 0.378600478 0.318452835 -0.064978555 0.997704327 -0.019072466 -0.860883057 -0.379015982 -0.006995004 0.925363660 52.243026733
0.910421371 0.064846821 0.408567935 0.454612732 -0.061655391 0.997876644 -0.020992192 -0.873795986 -0.409061670 -0.006078678 0.912486434 52.472377777
0.895512640 0.061482623 0.440768659 0.602851868 -0.057011947 0.998099327 -0.023392893 -0.886917472 -0.441369176 -0.004180448 0.897315860 52.696380615
0.878151476 0.060255885 0.474572539 0.764944077 -0.053734675 0.998181820 -0.027306959 -0.899753094 -0.475355089 -0.001521357 0.879792690 52.923347473
0.858452082 0.061594434 0.509181678 0.929754257 -0.052625183 0.998100936 -0.032014634 -0.913940072 -0.510186672 0.000687252 0.860063493 53.150684357
0.836668968 0.062939450 0.544080436 1.118968964 -0.051511697 0.998014629 -0.036237739 -0.925924480 -0.545281053 0.002292489 0.838250160 53.381591797
0.811867952 0.065598689 0.580144048 1.322738647 -0.052316818 0.997844398 -0.039615881 -0.938216090 -0.581492305 0.001811572 0.813549995 53.625076294
0.784574211 0.068822660 0.616203427 1.533895493 -0.054570302 0.997628629 -0.041942324 -0.959893286 -0.617628753 -0.000719544 0.786469400 53.846160889
0.754409015 0.072559640 0.652381897 1.773118973 -0.057549264 0.997355759 -0.044379063 -0.978875518 -0.653876960 -0.004064134 0.756589949 54.094009399
0.721183181 0.072985515 0.688888848 2.046588898 -0.056393549 0.997319281 -0.046625506 -0.995517373 -0.690445185 -0.005223352 0.723365903 54.343688965
0.684258401 0.070938744 0.725781083 2.348834991 -0.052780509 0.997464657 -0.047732551 -1.007903218 -0.727327049 -0.005645700 0.686267853 54.596115112
0.644800961 0.069385588 0.761194646 2.680082321 -0.049492355 0.997571409 -0.049007632 -1.027668834 -0.762746453 -0.006073151 0.646669030 54.847370148
0.602088869 0.070249841 0.795332611 3.021955490 -0.049006045 0.997495115 -0.051007468 -1.049975038 -0.796923697 -0.008265081 0.604023397 55.059696198
0.556005716 0.069220126 0.828291178 3.382947922 -0.044587504 0.997575283 -0.053436995 -1.076472640 -0.829981685 -0.007220167 0.557743907 55.259582520
0.507916093 0.067768723 0.858736694 3.767751694 -0.041094970 0.997671723 -0.054426633 -1.103661180 -0.860425711 -0.007645591 0.509518504 55.442481995
0.458366513 0.065676175 0.886333406 4.161619186 -0.039099865 0.997790575 -0.053714562 -1.129974723 -0.887902737 -0.010034557 0.459921658 55.622203827
0.409079611 0.063335136 0.910298109 4.591041565 -0.038607948 0.997896373 -0.052079853 -1.155277967 -0.911681533 -0.013839940 0.410664201 55.777820587
0.357962310 0.063313328 0.931587040 5.046123505 -0.041458175 0.997792304 -0.051882535 -1.176085591 -0.932815194 -0.020049905 0.359796792 55.945209503
0.309271455 0.064133503 0.948808789 5.530220032 -0.038816474 0.997743189 -0.054788638 -1.192901492 -0.950181186 -0.019884849 0.311062962 56.067909241
0.263070852 0.059925813 0.962913632 6.016245842 -0.027558690 0.998128653 -0.054588258 -1.237390280 -0.964382827 -0.012176055 0.264229953 56.148254395
0.218353659 0.055033386 0.974316716 6.533074379 -0.014061473 0.998482347 -0.053247064 -1.258982897 -0.975768328 -0.002073638 0.218796074 56.231407166
0.172986835 0.052050576 0.983547807 7.039502144 -0.008726338 0.998644471 -0.051314719 -1.339159012 -0.984885335 0.000294002 0.173206568 56.318912506
0.137142807 0.053206254 0.989121318 7.466095924 -0.002738411 0.998573065 -0.053334989 -1.341313839 -0.990547597 0.004605888 0.137092769 56.293087006
0.103733502 0.054334994 0.993119895 8.014276505 0.006395609 0.998449564 -0.055294637 -1.372299910 -0.994584441 0.012087510 0.103225186 56.335124969
0.073149808 0.052976880 0.995912910 8.578357697 0.014093945 0.998433530 -0.054146163 -1.407890797 -0.997221410 0.017997121 0.072288558 56.380558014
0.050904870 0.050235610 0.997439325 9.141357422 0.020183783 0.998478353 -0.051318046 -1.457084179 -0.998499513 0.022744434 0.049813442 56.345924377
0.031149127 0.050104853 0.998258173 9.726551056 0.025201647 0.998385906 -0.050897643 -1.478759766 -0.999196947 0.026743162 0.029836118 56.348491669
0.015919983 0.052117169 0.998514175 10.315854073 0.027803583 0.998231411 -0.052545711 -1.509729505 -0.999486625 0.028598795 0.014442794 56.337718964
0.000987142 0.050934855 0.998701513 10.920688629 0.028223515 0.998302817 -0.050942414 -1.558222294 -0.999601066 0.028237153 -0.000452101 56.347553253
-0.010650459 0.052259494 0.998576760 11.523767471 0.029061520 0.998227715 -0.051931269 -1.586459398 -0.999520898 0.028467067 -0.012150322 56.315635681
-0.019334074 0.055344969 0.998280108 12.141853333 0.033914968 0.997928321 -0.054668635 -1.621542931 -0.999237657 0.032799665 -0.021171045 56.289611816
-0.026070526 0.057551868 0.998002052 12.778841972 0.038351770 0.997663975 -0.056530520 -1.656707525 -0.998924136 0.036801364 -0.028216839 56.268970490
-0.030713875 0.056919966 0.997906148 13.419993401 0.038981806 0.997685790 -0.055707611 -1.693934202 -0.998767734 0.037189197 -0.032861643 56.245994568
-0.034364335 0.054213125 0.997937918 14.074490547 0.036192518 0.997940123 -0.052966949 -1.732627630 -0.998753726 0.034297708 -0.036255661 56.225643158
-0.037019011 0.047113359 0.998203337 14.759885788 0.034451742 0.998354375 -0.045842834 -1.770779848 -0.998720527 0.032692779 -0.038581230 56.192752838
-0.038065888 0.041454587 0.998414993 15.437116623 0.035714056 0.998557210 -0.040098853 -1.808162689 -0.998636842 0.034131043 -0.039491482 56.163730621
-0.038635798 0.038951460 0.998493910 16.121889114 0.038355652 0.998561382 -0.037469968 -1.845077634 -0.998516917 0.036850199 -0.040074222 56.133277893
-0.037982132 0.041187994 0.998429298 16.819932938 0.041512396 0.998352706 -0.039605629 -1.883142471 -0.998415828 0.039942876 -0.039629377 56.097507477
-0.037636302 0.048459731 0.998115778 17.513225555 0.042559501 0.997994900 -0.046849053 -1.921562791 -0.998384774 0.040716086 -0.039623260 56.079383850
-0.035454482 0.056669358 0.997763336 18.253231049 0.043179702 0.997545481 -0.055122647 -1.957941771 -0.998438060 0.041128773 -0.037814427 56.053108215
-0.033366784 0.057623729 0.997780621 18.989141464 0.043628607 0.997468889 -0.056146745 -1.994934559 -0.998490512 0.041658342 -0.035796367 56.035255432
-0.031323358 0.053104587 0.998097539 19.719081879 0.043408982 0.997717738 -0.051722057 -2.041603088 -0.998566210 0.041706298 -0.033557083 55.987857819
-0.028542720 0.046619862 0.998504758 20.454334259 0.042890090 0.998048961 -0.045372542 -2.088509798 -0.998672009 0.041530915 -0.030486558 55.964672089
-0.025433602 0.045047529 0.998661041 21.190727234 0.041056696 0.998188376 -0.043980595 -2.133797407 -0.998833060 0.039883144 -0.027237028 55.945880890
-0.021945978 0.050391380 0.998488367 21.913431168 0.048815582 0.997591794 -0.049273189 -2.179818630 -0.998566628 0.047660463 -0.024353012 55.917369843
-0.018519750 0.056082629 0.998254359 22.640136719 0.050358895 0.997210622 -0.055089734 -2.223315716 -0.998559475 0.049250737 -0.021292353 55.903747559
-0.016373672 0.056686424 0.998257756 23.370704651 0.044341650 0.997450531 -0.055913281 -2.267995358 -0.998882174 0.043348901 -0.018845502 55.908275604
-0.013536340 0.053057611 0.998499572 24.093332291 0.039974701 0.997821569 -0.052479647 -2.315171480 -0.999108911 0.039204344 -0.015627813 55.910797119
-0.008801341 0.049534090 0.998733640 24.854438782 0.043946471 0.997826457 -0.049101826 -2.370185375 -0.998995006 0.043458655 -0.010959065 55.901943207
-0.005469201 0.050482683 0.998710096 25.624618530 0.049041592 0.997536659 -0.050154816 -2.416122437 -0.998781741 0.048704021 -0.007931478 55.882194519
-0.002372880 0.055180836 0.998473585 26.362478256 0.048768070 0.997294724 -0.054999784 -2.461351156 -0.998807251 0.048563126 -0.005057522 55.879333496
0.001273889 0.055964805 0.998431861 27.105102539 0.045115631 0.997412860 -0.055965248 -2.508215189 -0.998981059 0.045116179 -0.001254294 55.889308929
0.005013848 0.055585708 0.998441339 27.850345612 0.044388965 0.997457266 -0.055753835 -2.556952953 -0.999001682 0.044599321 0.002533707 55.898517609
0.008749301 0.052386899 0.998588502 28.588674545 0.048342865 0.997436881 -0.052750047 -2.607404709 -0.998792410 0.048736155 0.006194343 55.894905090
0.012569514 0.053010162 0.998514950 29.327348709 0.052665520 0.997172594 -0.053601861 -2.657671452 -0.998533010 0.053261064 0.009742168 55.895622253
0.016397960 0.053970776 0.998407900 30.076047897 0.055389043 0.996959627 -0.054802220 -2.703236818 -0.998330116 0.056199502 0.013358714 55.903789520
0.018672522 0.053744350 0.998380125 30.853946686 0.055931952 0.996934354 -0.054712605 -2.759689093 -0.998259902 0.056862973 0.015609255 55.895790100
0.022477774 0.052425481 0.998371840 31.601127625 0.057102323 0.996926546 -0.053635214 -2.806999207 -0.998115182 0.058214951 0.019415075 55.909584045
0.026160156 0.051403549 0.998335302 32.354961395 0.059013952 0.996855795 -0.052873757 -2.860009193 -0.997914374 0.060298886 0.023044383 55.925861359
0.029170947 0.051913690 0.998225451 33.099040985 0.057363071 0.996917665 -0.053521991 -2.905183792 -0.997927129 0.058822557 0.026103102 55.946300507
0.032378454 0.053822897 0.998025417 33.857994080 0.054452207 0.996970892 -0.055532593 -2.952979565 -0.997991264 0.056142740 0.029349603 55.974002838
0.035179414 0.054124888 0.997914314 34.618976593 0.056220751 0.996843874 -0.056048777 -2.999963760 -0.997798383 0.058075253 0.032025442 55.998966217
0.037579581 0.053931892 0.997837245 35.384895325 0.054250628 0.996959805 -0.055927604 -3.049249649 -0.997819960 0.056235023 0.034539498 56.035606384
0.039891899 0.054332502 0.997725725 36.163185120 0.052568190 0.997023582 -0.056396078 -3.100030422 -0.997820199 0.054698378 0.036917001 56.064117432
0.042569719 0.054060236 0.997629881 36.925247192 0.049693599 0.997184515 -0.056156576 -3.159370422 -0.997856915 0.051966384 0.039763417 56.105598450
0.045335848 0.056243904 0.997387171 37.641178131 0.048601199 0.997107208 -0.058437265 -3.197157145 -0.997788846 0.051123511 0.042471182 56.132720947
0.048733968 0.059751667 0.997022927 38.398029327 0.047491781 0.996941328 -0.062068149 -3.250745773 -0.997682035 0.050375227 0.045747191 56.171329498
0.052094489 0.061907731 0.996721387 39.164550781 0.047616880 0.996787429 -0.064400554 -3.307544470 -0.997506261 0.050815683 0.048979275 56.213325500
0.055464480 0.064191915 0.996395051 39.925853729 0.041601773 0.996915936 -0.066541240 -3.361005068 -0.997593582 0.045142472 0.052622933 56.256843567
0.057385914 0.063126884 0.996354282 40.685371399 0.037875555 0.997142732 -0.065358311 -3.421504736 -0.997633398 0.041488122 0.054830983 56.316551208
0.060506359 0.063923113 0.996118903 41.458858490 0.039809749 0.996998787 -0.066397712 -3.482654095 -0.997373700 0.043672726 0.057779998 56.370552063
0.064783148 0.065052219 0.995776772 42.219276428 0.039063610 0.996942759 -0.067669794 -3.543793201 -0.997134507 0.043282501 0.062043920 56.413040161
0.068501174 0.066255793 0.995448530 43.029960632 0.035718750 0.996989727 -0.068816334 -3.595216513 -0.997011364 0.040270180 0.065928385 56.484756470
0.073312499 0.064382613 0.995228767 43.825408936 0.034837745 0.997139752 -0.067072511 -3.653489113 -0.996700346 0.039588783 0.070859857 56.538600922
0.078038543 0.064325757 0.994872928 44.624576569 0.035341728 0.997110546 -0.067242667 -3.720070362 -0.996323705 0.040408049 0.075539678 56.601951599
0.083276033 0.067841165 0.994214654 45.419521332 0.031713791 0.996994257 -0.070687205 -3.786376238 -0.996021748 0.037416864 0.080874220 56.673748016
0.089705661 0.076544948 0.993022621 46.214237213 0.029791635 0.996389985 -0.079495780 -3.853197813 -0.995522678 0.036714993 0.087101430 56.744445801
0.095256075 0.080380060 0.992202282 46.985076904 0.027538000 0.996140361 -0.083342873 -3.936468124 -0.995071769 0.035262182 0.092674904 56.838329315
0.102797180 0.083325081 0.991206229 47.781578064 0.023238176 0.996012092 -0.086139113 -4.008118629 -0.994430840 0.031888675 0.100450911 56.925998688
0.110821322 0.081404626 0.990500867 48.589004517 0.019413708 0.996272326 -0.084051050 -4.084629536 -0.993650734 0.028543944 0.108827844 57.013107300
0.118708223 0.079575777 0.989735305 49.397972107 0.019387104 0.996407628 -0.082437515 -4.161922455 -0.992739916 0.028974112 0.116739035 57.107662201
0.125057131 0.076341465 0.989208221 50.193824768 0.019069895 0.996666193 -0.079327889 -4.231580734 -0.991966248 0.028784608 0.123184368 57.229255676
0.131996498 0.071708746 0.988653064 51.000701904 0.017504284 0.997055829 -0.074655242 -4.286000729 -0.991095662 0.027159892 0.130352646 57.350212097
0.138985217 0.063285887 0.988270223 51.850135803 0.013485792 0.997742414 -0.065789029 -4.386626244 -0.990202606 0.022471309 0.137817994 57.472969055
0.146938816 0.060828619 0.987273395 52.658142090 0.013506433 0.997890949 -0.063492976 -4.452774048 -0.989053309 0.022664126 0.145807326 57.595100403
0.153953046 0.062706381 0.986086369 53.451080322 0.013363676 0.997760832 -0.065535180 -4.517809391 -0.987987757 0.023267083 0.152770311 57.723964691
0.160325825 0.069815613 0.984592021 54.243637085 0.014066202 0.997232556 -0.073002383 -4.577610493 -0.986963868 0.025553636 0.158900112 57.853050232
0.164183006 0.073463000 0.983690500 55.017127991 0.013016220 0.996974885 -0.076627560 -4.640511513 -0.986344039 0.025384875 0.162730113 58.004585266
0.168908745 0.076324292 0.982672095 55.770088196 0.011849117 0.996767938 -0.079455823 -4.711898804 -0.985560417 0.025064580 0.167458490 58.139328003
0.174887523 0.075728782 0.981671751 56.528057098 0.009439381 0.996862888 -0.078582324 -4.783404350 -0.984543145 0.023009440 0.173624039 58.268714905
0.180216074 0.072984584 0.980915546 57.293846130 0.013612643 0.996962905 -0.076679528 -4.850735188 -0.983532786 0.027171737 0.178675234 58.402618408
0.184851259 0.066158243 0.980537176 58.061088562 0.014712889 0.997433484 -0.070071951 -4.913605690 -0.982656360 0.027379418 0.183403462 58.539913177
0.187946826 0.059494514 0.980375588 58.781761169 0.009849196 0.997999370 -0.062452201 -4.991334438 -0.982129812 0.021393608 0.186984792 58.677612305
0.190919146 0.056238804 0.979993343 59.517757416 0.006237918 0.998267710 -0.058502767 -5.050282955 -0.981585920 0.017282417 0.190237597 58.832962036
0.194086641 0.056411885 0.979361057 60.242488861 0.004737058 0.998279691 -0.058440384 -5.105988979 -0.980973005 0.015981788 0.193485543 58.981578827
0.196165368 0.058590148 0.978818834 60.955471039 0.002826625 0.998175442 -0.060315270 -5.160861969 -0.980566740 0.014598522 0.195641860 59.131134033
0.197631761 0.063080974 0.978244662 61.665969849 -0.001346775 0.997943878 -0.064079195 -5.216620922 -0.980275333 0.011346606 0.197310373 59.282779694
0.198958218 0.067007937 0.977714479 62.351131439 -0.002547457 0.997691691 -0.067858696 -5.278653145 -0.980004668 0.011010358 0.198669672 59.437053680
0.200857371 0.072960854 0.976899743 63.029388428 -0.003675375 0.997271657 -0.073726676 -5.334124565 -0.979613662 0.011218073 0.200577557 59.588390350
0.202726811 0.075196944 0.976343870 63.715335846 -0.003124956 0.997091830 -0.076146066 -5.391875744 -0.979230344 0.012385817 0.202372253 59.729843140
0.204940453 0.074171647 0.975960016 64.388084412 -0.004178735 0.997181714 -0.074906982 -5.456577778 -0.978765547 0.011273194 0.204672799 59.860370636
0.205581143 0.071023002 0.976059496 65.049896240 -0.004033159 0.997416019 -0.071727544 -5.518617153 -0.978631735 0.010809225 0.205336377 60.001483917
0.206026718 0.068570092 0.976140916 65.697937012 -0.004172388 0.997594357 -0.069196478 -5.578243732 -0.978537440 0.010183486 0.205817193 60.141658783
0.205444276 0.067351855 0.976348400 66.339637756 -0.003151869 0.997669458 -0.068159431 -5.633279800 -0.978663683 0.010925642 0.205177754 60.280998230
0.204327121 0.066211119 0.976660907 66.983306885 -0.004162851 0.997759640 -0.066770583 -5.699557304 -0.978893876 0.009577345 0.204144984 60.413829803
0.202741072 0.066877097 0.976946056 67.604721069 -0.006428921 0.997734547 -0.066966027 -5.764873505 -0.979211271 0.007296055 0.202711716 60.541584015
0.200785488 0.069606155 0.977159202 68.212684631 -0.007169219 0.997550189 -0.069585562 -5.820577621 -0.979609013 0.006966301 0.200792655 60.660457611
0.198632136 0.073250100 0.977332950 68.819183350 -0.005513113 0.997270823 -0.073623963 -5.878814220 -0.980058730 0.009235935 0.198493883 60.780052185
0.196550861 0.074127100 0.977687538 69.430160522 -0.002425791 0.997171819 -0.075116701 -5.923252106 -0.980490625 0.012392584 0.196174756 60.912410736
0.195324361 0.073308550 0.977995038 70.012687683 -0.000233770 0.997205913 -0.074701868 -5.953036308 -0.980738699 0.014362467 0.194795728 61.004035950
0.192984551 0.070415579 0.978671908 70.597381592 -0.000372639 0.997426808 -0.071691506 -6.003932476 -0.981201708 0.013470664 0.192514196 61.118621826
0.190991417 0.066435754 0.979340851 71.173797607 -0.000038021 0.997707605 -0.067674272 -6.058863640 -0.981591702 0.012887971 0.190556064 61.230152130
0.189127982 0.065335438 0.979776502 71.731903076 0.003478800 0.997733176 -0.067204379 -6.114102364 -0.981946349 0.016118675 0.188471988 61.334163666
0.187439471 0.066802174 0.980002046 72.281578064 0.006983830 0.997568965 -0.069335379 -6.162632942 -0.982251346 0.019840352 0.186517254 61.435108185
0.184250236 0.068977527 0.980456054 72.812644958 0.010733610 0.997333765 -0.072182007 -6.207975388 -0.982820749 0.023823384 0.183018580 61.539890289
0.182929546 0.071022019 0.980557323 73.344459534 0.010808345 0.997181654 -0.074242473 -6.245837212 -0.983066618 0.024179347 0.181646347 61.633438110
0.181958914 0.073510945 0.980554521 73.881103516 0.010313910 0.997004092 -0.076658070 -6.294826031 -0.983252048 0.024061972 0.180655584 61.724594116
0.180207744 0.072047189 0.980986416 74.467185974 0.011482842 0.997091949 -0.075339422 -6.342376232 -0.983561516 0.024841266 0.178856403 61.828208923
0.180995509 0.070532046 0.980951488 75.019287109 0.017701974 0.997029781 -0.074954294 -6.387649536 -0.983324528 0.030931175 0.179209381 61.920730591
0.183192328 0.068853699 0.980662942 75.572280884 0.022528972 0.996988237 -0.074208438 -6.431145191 -0.982818902 0.035687745 0.181089401 62.016029358
0.185403109 0.068314984 0.980284989 76.127082825 0.025515428 0.996909440 -0.074299291 -6.476189613 -0.982331157 0.038787715 0.183087066 62.116424561
0.188316360 0.068047389 0.979748130 76.685989380 0.022931986 0.997020125 -0.073654741 -6.526428223 -0.981840670 0.036337964 0.186194733 62.243965149
0.193605229 0.068971239 0.978652060 77.242454529 0.021613784 0.996983767 -0.074538991 -6.572765350 -0.980841458 0.035583518 0.191530555 62.361640930
0.199959546 0.068067230 0.977437019 77.806129456 0.022682602 0.996995032 -0.074069552 -6.618090630 -0.979541540 0.036981728 0.197814748 62.482959747
0.207466349 0.068730630 0.975824654 78.363037109 0.020612851 0.997000098 -0.074604504 -6.658474922 -0.978024900 0.035592455 0.205427259 62.608207703
0.215809360 0.066079400 0.974197090 78.926284790 0.021065712 0.997160196 -0.072303578 -6.713888168 -0.976208270 0.036125939 0.213804513 62.744277954
0.225065023 0.065582685 0.972134054 79.469390869 0.017137034 0.997311354 -0.071248718 -6.760923862 -0.974193037 0.032695081 0.223335981 62.848800659
0.234059736 0.063532650 0.970144093 80.041587830 0.016202180 0.997469068 -0.069231085 -6.830979824 -0.972087264 0.031922657 0.232437983 63.008815765
0.244024247 0.069331892 0.967287540 80.629859924 0.010516943 0.997193277 -0.074128613 -6.856719971 -0.969712138 0.028262084 0.242610186 63.163318634
0.253671497 0.071823433 0.964620173 81.229751587 0.007020032 0.997076571 -0.076086164 -6.903683662 -0.967264950 0.026072558 0.252425700 63.333938599
0.264255792 0.074647568 0.961559355 81.829734802 0.002818762 0.996936142 -0.078168593 -6.956159115 -0.964448512 0.023366909 0.263235748 63.515613556
0.274735183 0.076142095 0.958500326 82.441230774 0.001640374 0.996820927 -0.079656430 -7.012706757 -0.961518526 0.023456726 0.273736924 63.698570251
0.284871787 0.077005282 0.955467522 83.063644409 -0.001436429 0.996801198 -0.079908282 -7.066417217 -0.958564579 0.021391151 0.284071147 63.895202637
0.295287609 0.077123679 0.952290535 83.685852051 -0.002110815 0.996786833 -0.080072798 -7.122624874 -0.955406129 0.021634398 0.294501573 64.097251892
0.305485815 0.077994145 0.948997021 84.284927368 -0.006129332 0.996780157 -0.079948194 -7.172213554 -0.952176929 0.018606322 0.304980248 64.290618896
0.315310687 0.073187381 0.946162045 84.912239075 -0.005821150 0.997152090 -0.075191624 -7.227154255 -0.948970675 0.018200973 0.314838707 64.514945984
0.326059252 0.066168614 0.943030715 85.573028564 -0.002200796 0.997597814 -0.069236405 -7.282982349 -0.945346832 0.020499753 0.325421631 64.746871948
0.337176114 0.061662473 0.939419985 86.242721558 -0.000672044 0.997868121 -0.065257713 -7.342359066 -0.941441298 0.021372013 0.336498767 64.987960815
0.347451717 0.058411106 0.935876727 86.911323547 -0.001262784 0.998086214 -0.061824970 -7.393402576 -0.937697053 0.020299384 0.346860498 65.241737366
0.357322007 0.056351203 0.932279766 87.609420776 0.004728124 0.998056233 -0.062139213 -7.440180302 -0.933969319 0.026611647 0.356361061 65.503471375
0.366183519 0.051078539 0.929139674 88.316566467 0.010920154 0.998187602 -0.059178136 -7.489778042 -0.930478573 0.031816408 0.364962101 65.774101257
0.373000920 0.041980419 0.926880717 89.025299072 0.020107429 0.998375475 -0.053310331 -7.534849644 -0.927613080 0.038521990 0.371550858 66.043273926
0.380412102 0.037530623 0.924055278 89.747085571 0.025476316 0.998371780 -0.051037010 -7.586890697 -0.924466074 0.042956620 0.378836542 66.329895020
0.388101190 0.037596013 0.920849621 90.465148926 0.027096428 0.998270094 -0.052176960 -7.642328262 -0.921218455 0.045201674 0.386411101 66.626091003
0.395269126 0.044343017 0.917494416 91.177291870 0.029185884 0.997723579 -0.060794208 -7.687943935 -0.918101549 0.050807964 0.393075049 66.938247681
0.402187020 0.048874695 0.914252162 91.888854980 0.032586824 0.997177243 -0.067642979 -7.740602493 -0.914977372 0.056997698 0.399459124 67.253112793
0.407249182 0.050696179 0.911908984 92.597862244 0.031164235 0.997105479 -0.069350190 -7.800055027 -0.912785232 0.056661747 0.404490471 67.563514709
0.411523134 0.052430924 0.909889936 93.292373657 0.023637317 0.997394085 -0.068163835 -7.863894463 -0.911092758 0.049558356 0.409211427 67.895988464
0.415438861 0.055826258 0.907906413 93.974426270 0.017065540 0.997460842 -0.069141708 -7.931902885 -0.909461021 0.044218071 0.413431287 68.224792480
0.419677347 0.058924794 0.905758679 94.647735596 0.016231047 0.997243762 -0.072396971 -7.996124744 -0.907528222 0.045084782 0.417564183 68.534828186
0.423438221 0.062991783 0.903732240 95.309600830 0.012644041 0.997071564 -0.075421974 -8.065461159 -0.905836642 0.043363377 0.421401709 68.856742859
0.427050471 0.065938570 0.901820421 95.968330383 0.009521719 0.996954381 -0.077403441 -8.131708145 -0.904177606 0.041642062 0.425121993 69.174995422
0.431411147 0.065096065 0.899803817 96.639488220 0.009181484 0.997025013 -0.076531552 -8.176122665 -0.902108729 0.041278102 0.429529965 69.467651367
0.435420364 0.062031165 0.898087502 97.287315369 0.010035467 0.997226715 -0.073744237 -8.242834091 -0.900171399 0.041122463 0.433590233 69.783554077
0.438926667 0.059223808 0.896568954 97.924888611 0.009719014 0.997454166 -0.070645951 -8.307834625 -0.898470342 0.039722156 0.437233627 70.096267700
0.442602903 0.058665544 0.894796669 98.561584473 0.008272957 0.997548044 -0.069494396 -8.372001648 -0.896679699 0.038161028 0.441032350 70.417541504
0.445728689 0.060510743 0.893120587 99.176536560 0.005825837 0.997495472 -0.070489854 -8.436997414 -0.895149171 0.036622524 0.444259852 70.736564636
0.448123634 0.061189834 0.891874969 99.786231995 0.006661360 0.997398496 -0.071776606 -8.497875214 -0.893946767 0.038105898 0.446550250 71.058677673
0.450549930 0.059181213 0.890787482 100.408615112 0.008813554 0.997456908 -0.070725799 -8.561608315 -0.892707765 0.039716505 0.448882490 71.378524780
0.452343136 0.058141548 0.889946818 101.007469177 0.010664111 0.997448802 -0.070585169 -8.617772102 -0.891780198 0.041419204 0.450569034 71.677658081
0.454131573 0.057947587 0.889048100 101.589691162 0.009508463 0.997510433 -0.069874078 -8.673764229 -0.890883863 0.040185500 0.452450007 71.976249695
0.456343204 0.057027012 0.887974560 102.157531738 0.011908629 0.997463405 -0.070178568 -8.719109535 -0.889724135 0.042600069 0.454506516 72.255363464
0.458968103 0.058712166 0.886510670 102.697166443 0.011245273 0.997350276 -0.071874857 -8.775401115 -0.888381541 0.042957317 0.457091779 72.538146973
0.461957097 0.058759771 0.884953618 103.258247375 0.014334614 0.997177839 -0.073694184 -8.829739571 -0.886786401 0.046729021 0.459811091 72.826683044
0.465066552 0.057865199 0.883382559 103.804214478 0.016245814 0.997135639 -0.073869295 -8.885832787 -0.885126591 0.048705410 0.462794363 73.108963013
0.468462020 0.056348596 0.881684899 104.347953796 0.019186057 0.997079849 -0.073917545 -8.938312531 -0.883275211 0.051543619 0.466012895 73.391448975
0.471915990 0.055398069 0.879901350 104.876464844 0.020819152 0.997045398 -0.073939294 -8.989691734 -0.881397665 0.053211927 0.469368279 73.675300598
0.475390375 0.054859262 0.878062963 105.391494751 0.022103542 0.996994138 -0.074256837 -9.038664818 -0.879497170 0.054709293 0.472748846 73.944602966
0.478921562 0.053853054 0.876204252 105.891441345 0.023117965 0.996996582 -0.073913120 -9.087870598 -0.877553225 0.055654652 0.476238191 74.217559814
0.482853174 0.053374674 0.874073207 106.399780273 0.025267344 0.996876001 -0.074831665 -9.130856514 -0.875336707 0.058218218 0.479996026 74.483329773
0.485854685 0.054561902 0.872334957 106.903060913 0.023700407 0.996860206 -0.075550735 -9.201341629 -0.873718262 0.057381369 0.483036041 74.789077759
0.489852577 0.054694392 0.870087862 107.408691406 0.025487598 0.996704996 -0.077002957 -9.260231972 -0.871432483 0.059896551 0.486844450 75.086944580
0.494561523 0.058320716 0.867183626 107.892974854 0.022743316 0.996536076 -0.079990745 -9.312963486 -0.868844926 0.059282973 0.491522014 75.351860046
0.500935018 0.064930081 0.863045871 108.384574890 0.019360004 0.996091664 -0.086176679 -9.355603218 -0.865268350 0.059877481 0.497720182 75.629531860
0.505614161 0.071490131 0.859792650 108.856094360 0.013914647 0.995755732 -0.090977907 -9.420844078 -0.862647474 0.057963435 0.502473354 75.941467285
0.511882544 0.077874504 0.855518401 109.333282471 0.008750996 0.995358229 -0.095839560 -9.475339890 -0.859010935 0.056545239 0.508825004 76.234375000
0.517831326 0.082613006 0.851484478 109.799453735 0.004866398 0.995025814 -0.099499203 -9.532083511 -0.855468869 0.055667467 0.514853537 76.536254883
0.522898912 0.083425984 0.848302305 110.273773193 -0.000115828 0.995205820 -0.097801775 -9.593238831 -0.852394640 0.051042169 0.520401657 76.846557617
0.528488159 0.082188480 0.844952822 110.757987976 -0.006173361 0.995648384 -0.092985421 -9.650218964 -0.848918080 0.043925490 0.526695848 77.166419983
0.534538209 0.079891987 0.841359675 111.246788025 -0.012743678 0.996170819 -0.086495772 -9.709792137 -0.845048249 0.035513286 0.533509433 77.487258911
0.540032506 0.078094691 0.838013113 111.747451782 -0.019401746 0.996576369 -0.080368385 -9.776578903 -0.841420472 0.027142623 0.539698839 77.843017578
0.545969665 0.076349206 0.834318876 112.255889893 -0.022512833 0.996816397 -0.076487333 -9.837034225 -0.837502360 0.022976888 0.545950353 78.192649841
0.552437425 0.079462856 0.829758167 112.813606262 -0.026918221 0.996627152 -0.077521652 -9.880959511 -0.833119631 0.020490244 0.552713156 78.579414368
0.558639944 0.083355770 0.825211108 113.329841614 -0.030443685 0.996327400 -0.080031134 -9.931859016 -0.828851342 0.019586124 0.559125960 78.946334839
0.565004826 0.086743161 0.820515156 113.853858948 -0.033221174 0.996043563 -0.082423612 -9.984875679 -0.824418604 0.019311264 0.565651059 79.317314148
0.571500719 0.089193866 0.815739810 114.383193970 -0.035958424 0.995842457 -0.083694309 -10.041437149 -0.819813311 0.018498639 0.572331905 79.697074890
