1.000000000 -0.000000000 0.000000000 0.000000000 -0.000000000 1.000000000 0.000000000 0.000000000 0.000000000 0.000000000 1.000000000 0.000000000
0.999997258 0.001049854 0.002088037 -0.009728052 -0.001047620 0.999998868 -0.001070884 -0.016824188 -0.002089159 0.001068693 0.999997258 1.206072330
0.999993980 0.001199032 0.003248496 -0.012357878 -0.001197124 0.999999106 -0.000589155 -0.037381232 -0.003249199 0.000585263 0.999994576 2.421079397
0.999990344 0.000802816 0.004323825 -0.019318253 -0.000802362 0.999999702 -0.000106788 -0.067367911 -0.004323910 0.000103317 0.999990642 3.621848345
0.999985158 0.000414481 0.005429281 -0.035864815 -0.000415048 0.999999881 0.000103286 -0.097115904 -0.005429238 -0.000105537 0.999985278 4.827250957
0.999981403 -0.000544024 0.006070294 -0.029249087 0.000542950 0.999999821 0.000178593 -0.122051813 -0.006070390 -0.000175294 0.999981582 6.040497303
0.999974489 -0.001381279 0.007007421 -0.036832474 0.001387555 0.999998629 -0.000890795 -0.149621725 -0.007006181 0.000900496 0.999975026 7.292573929
0.999989986 -0.004386833 -0.000833219 0.256707489 0.004385714 0.999989510 -0.001338987 -0.147678286 0.000839084 0.001335319 0.999998748 8.501020432
0.999985218 -0.005180403 -0.001639848 0.258936495 0.005180553 0.999986649 0.000087560 -0.167800218 0.001639372 -0.000096054 0.999998629 9.692353249
0.999981165 -0.005674709 -0.002366435 0.241148457 0.005676904 0.999983490 0.000922220 -0.190079153 0.002361163 -0.000935637 0.999996722 10.892315865
0.999963343 -0.007155484 -0.004700717 0.232406303 0.007157552 0.999974310 0.000423362 -0.212603182 0.004697566 -0.000456992 0.999988854 12.068911552
0.999946296 -0.007863366 -0.006744767 0.225465700 0.007865430 0.999968946 0.000279270 -0.232280418 0.006742362 -0.000332306 0.999977112 13.291236877
0.999938250 -0.007692484 -0.008014435 0.204421550 0.007690120 0.999970376 -0.000325815 -0.249615297 0.008016704 0.000264163 0.999967754 14.490946770
0.999940574 -0.006485313 -0.008759962 0.181051135 0.006482595 0.999978840 -0.000338644 -0.275040537 0.008761973 0.000281837 0.999961555 15.683015823
0.999927759 -0.006808767 -0.009900874 0.171829686 0.006809173 0.999976754 0.000007198 -0.299594671 0.009900594 -0.000074614 0.999950886 16.864547729
0.999924362 -0.006972515 -0.010133091 0.152318165 0.006982812 0.999975145 0.000980992 -0.328578472 0.010125999 -0.001051675 0.999948144 18.058740616
0.999904752 -0.007989030 -0.011252772 0.173218668 0.007999507 0.999967575 0.000886331 -0.337578833 0.011245328 -0.000976263 0.999936283 19.240829468
0.999886036 -0.008014991 -0.012789879 0.159624070 0.008012582 0.999967873 -0.000239557 -0.357940197 0.012791391 0.000137050 0.999918163 20.433223724
0.999869704 -0.008535204 -0.013703604 0.139279366 0.008521614 0.999963164 -0.001049725 -0.379695803 0.013712062 0.000932812 0.999905527 21.635677338
0.999889076 -0.006954234 -0.013174579 0.113314539 0.006947685 0.999975681 -0.000542893 -0.397210866 0.013178035 0.000451300 0.999913037 22.853225708
0.999875009 -0.007204239 -0.014081144 0.089306235 0.007196909 0.999973953 -0.000571216 -0.421340734 0.014084891 0.000469804 0.999900639 24.058382034
0.999862790 -0.007315733 -0.014872998 0.061838210 0.007300427 0.999972761 -0.001083269 -0.447717607 0.014880517 0.000974541 0.999888837 25.250782013
0.999857306 -0.006718786 -0.015503637 0.031373769 0.006712920 0.999977350 -0.000430486 -0.472525239 0.015506178 0.000326350 0.999879718 26.456033707
0.999835908 -0.007989812 -0.016259918 0.009315073 0.008013949 0.999966800 0.001419805 -0.497711122 0.016248036 -0.001549878 0.999866784 27.674974442
0.999814570 -0.008577398 -0.017239813 -0.007030219 0.008603121 0.999961972 0.001418471 -0.516196430 0.017226992 -0.001566525 0.999850392 28.826810837
0.999793589 -0.009155492 -0.018137945 -0.034092247 0.009167445 0.999957860 0.000575955 -0.537327647 0.018131906 -0.000742114 0.999835372 30.023824692
0.999781847 -0.009416419 -0.018642930 -0.064192653 0.009412924 0.999955654 -0.000275234 -0.561191797 0.018644694 0.000099689 0.999826193 31.214576721
0.999766886 -0.009388506 -0.019438529 -0.101895273 0.009382813 0.999955833 -0.000384072 -0.579443455 0.019441279 0.000201594 0.999810994 32.388629913
0.999731243 -0.009321301 -0.021223528 -0.091871917 0.009330625 0.999956429 0.000340286 -0.604723632 0.021219430 -0.000538223 0.999774635 33.650566101
0.999704182 -0.009921019 -0.022204977 -0.122415066 0.009938787 0.999950409 0.000689928 -0.627900004 0.022197029 -0.000910414 0.999753118 34.842769623
0.999678493 -0.010781170 -0.022949835 -0.153429508 0.010804045 0.999941289 0.000872908 -0.655206025 0.022939073 -0.001120578 0.999736190 36.038520813
0.999675930 -0.010738229 -0.023082091 -0.173382044 0.010751266 0.999942183 0.000440753 -0.666714132 0.023076022 -0.000688772 0.999733508 37.246089935
0.999659538 -0.011920179 -0.023208279 -0.207385600 0.011940375 0.999928594 0.000731834 -0.684463739 0.023197893 -0.001008701 0.999730408 38.451484680
0.999660134 -0.011455164 -0.023416223 -0.238325238 0.011504241 0.999931991 0.001962212 -0.703685641 0.023392154 -0.002230931 0.999723911 39.648754120
0.999665201 -0.011076098 -0.023385484 -0.278906941 0.011142385 0.999934375 0.002706144 -0.723661005 0.023353973 -0.002965808 0.999722898 40.855297089
0.999672711 -0.010861644 -0.023165913 -0.319449961 0.010913844 0.999938369 0.002128096 -0.741672099 0.023141367 -0.002380229 0.999729395 42.072479248
0.999677598 -0.008882071 -0.023784675 -0.313303113 0.008942270 0.999957025 0.002425839 -0.753192663 0.023762111 -0.002637746 0.999714077 43.296264648
0.999698460 -0.006329723 -0.023723217 -0.346536994 0.006432028 0.999970317 0.004238677 -0.771369338 0.023695683 -0.004389987 0.999709547 44.498439789
0.999743342 -0.006369357 -0.021739906 -0.389791250 0.006536148 0.999949694 0.007609685 -0.791630208 0.021690346 -0.007749828 0.999734640 45.704456329
0.999767065 -0.006029326 -0.020722421 -0.413201809 0.006244390 0.999927104 0.010329347 -0.803694844 0.020658635 -0.010456341 0.999731839 46.898418427
0.999815941 -0.005542761 -0.018360924 -0.452182859 0.005800197 0.999885201 0.013997456 -0.816869020 0.018281233 -0.014101380 0.999733329 48.116790771
0.999833822 -0.006239975 -0.017123437 -0.458183169 0.006498768 0.999864876 0.015099535 -0.815976143 0.017026903 -0.015208309 0.999739289 49.333957672
0.999833703 -0.008405834 -0.016181331 -0.477298915 0.008627681 0.999869049 0.013689421 -0.820100486 0.016064143 -0.013826751 0.999775290 50.540592194
0.999870420 -0.007407303 -0.014286553 -0.510761857 0.007577666 0.999900341 0.011907658 -0.824258626 0.014196928 -0.012014374 0.999826968 51.751197815
0.999882936 -0.007581981 -0.013279952 -0.540094435 0.007737448 0.999901593 0.011694893 -0.835970044 0.013189976 -0.011796278 0.999843419 52.956192017
0.999876738 -0.007223146 -0.013941986 -0.544628918 0.007376096 0.999912798 0.010950305 -0.831069171 0.013861675 -0.011051792 0.999842823 54.160083771
0.999858201 -0.008141335 -0.014743454 -0.569250584 0.008284807 0.999918640 0.009696418 -0.838269711 0.014663313 -0.009817189 0.999844313 55.366020203
0.999831080 -0.008261182 -0.016424170 -0.598646581 0.008430503 0.999911785 0.010266826 -0.849394202 0.016337905 -0.010403555 0.999812365 56.570442200
0.999796867 -0.008230414 -0.018401209 -0.609464526 0.008449608 0.999893904 0.011866020 -0.864460111 0.018301593 -0.012019093 0.999760270 57.745979309
0.999791145 -0.007888540 -0.018849919 -0.639256477 0.008109549 0.999898851 0.011677174 -0.866376758 0.018755894 -0.011827602 0.999754131 58.942794800
0.999764383 -0.007270209 -0.020453319 -0.664120138 0.007501177 0.999908686 0.011238480 -0.871809125 0.020369744 -0.011389257 0.999727666 60.144355774
0.999759018 -0.007014394 -0.020801254 -0.698841810 0.007240259 0.999915481 0.010802886 -0.878399312 0.020723719 -0.010950891 0.999725223 61.337814331
0.999760628 -0.007591586 -0.020516237 -0.733170629 0.007808036 0.999914467 0.010490798 -0.890541792 0.020434838 -0.010648481 0.999734461 62.531589508
0.999727488 -0.009277827 -0.021417625 -0.743280292 0.009495684 0.999903977 0.010092702 -0.909476459 0.021321930 -0.010293326 0.999719620 63.742980957
0.999718606 -0.009758562 -0.021617528 -0.778622746 0.010002222 0.999887347 0.011192175 -0.917194009 0.021505876 -0.011405248 0.999703646 64.955291748
0.999713898 -0.009981683 -0.021734862 -0.813809991 0.010263219 0.999864340 0.012880426 -0.929952681 0.021603346 -0.013099811 0.999680817 66.160110474
0.999714077 -0.009949752 -0.021742893 -0.853203833 0.010192375 0.999886751 0.011076539 -0.936711550 0.021630224 -0.011294983 0.999702156 67.346237183
0.999705136 -0.008219366 -0.022849711 -0.850719213 0.008454297 0.999912143 0.010204007 -0.958326519 0.022763837 -0.010394176 0.999686778 68.557556152
0.999716759 -0.006348094 -0.022939656 -0.890238166 0.006592053 0.999922276 0.010574832 -0.969848037 0.022870749 -0.010723053 0.999680877 69.752746582
0.999740958 -0.004740028 -0.022264268 -0.935625076 0.004980950 0.999929488 0.010777982 -0.980781794 0.022211613 -0.010886086 0.999693990 70.950180054
0.999756455 -0.003104701 -0.021849122 -0.974541366 0.003357071 0.999927998 0.011523410 -0.995881975 0.021811772 -0.011593949 0.999694884 72.143447876
0.999769986 -0.001602085 -0.021387342 -0.996321321 0.001862361 0.999924421 0.012155275 -0.993055046 0.021366253 -0.012192314 0.999697328 73.316642761
0.999815106 0.000274149 -0.019227957 -1.031337619 -0.000024202 0.999915600 0.012998128 -1.001401186 0.019229898 -0.012995262 0.999730587 74.499343872
0.999861121 -0.001198031 -0.016622856 -1.058929443 0.001376927 0.999941289 0.010754735 -1.012625933 0.016608996 -0.010776132 0.999804020 75.677352905
0.999894440 -0.003522583 -0.014098458 -1.078080773 0.003600943 0.999978185 0.005536561 -1.017667294 0.014078647 -0.005586744 0.999885321 76.853195190
0.999925196 -0.002823534 -0.011893537 -1.092438221 0.002888064 0.999981165 0.005411882 -1.033111572 0.011878031 -0.005445827 0.999914646 78.022529602
0.999949276 -0.004023387 -0.009230227 -1.108301401 0.004107260 0.999950290 0.009085855 -1.048886776 0.009193212 -0.009123306 0.999916196 79.202026367
0.999978781 -0.003048434 -0.005757421 -1.127915621 0.003108904 0.999939859 0.010523260 -1.061864614 0.005724993 -0.010540936 0.999928117 80.388412476
0.999989450 -0.004162983 -0.001966440 -1.127399445 0.004179616 0.999954998 0.008531680 -1.068271875 0.001930836 -0.008539811 0.999961615 81.530982971
0.999987006 -0.004800056 0.001726192 -1.135260463 0.004790606 0.999973834 0.005437030 -1.082613945 -0.001752245 -0.005428689 0.999983728 82.689971924
0.999967575 -0.006398080 0.004893176 -1.132702470 0.006388165 0.999977589 0.002039237 -1.100188255 -0.004906112 -0.002007913 0.999985933 83.858909607
0.999941945 -0.006997911 0.008199818 -1.131797552 0.006987231 0.999974668 0.001330382 -1.123848796 -0.008208917 -0.001273010 0.999965429 85.029899597
0.999905944 -0.007657522 0.011377530 -1.096522450 0.007621654 0.999965787 0.003192703 -1.135177493 -0.011401598 -0.003105687 0.999930203 86.152877808
0.999856949 -0.006672515 0.015538238 -1.092913151 0.006616692 0.999971449 0.003641304 -1.154202342 -0.015562093 -0.003537972 0.999872684 87.309402466
0.999789119 -0.006994927 0.019307140 -1.080543876 0.006968682 0.999974668 0.001426339 -1.171891093 -0.019316636 -0.001291493 0.999812603 88.461753845
0.999718070 -0.006811142 0.022745248 -1.064524889 0.006833368 0.999976218 -0.000899532 -1.193702936 -0.022738585 0.001054705 0.999740958 89.620574951
0.999621809 -0.007347060 0.026499862 -1.042207003 0.007384764 0.999971867 -0.001325189 -1.213424325 -0.026489384 0.001520384 0.999648035 90.797569275
0.999584556 -0.009364445 0.027257135 -0.979692459 0.009360908 0.999956071 0.000257374 -1.238658428 -0.027258344 -0.000002116 0.999628365 91.899833679
0.999505222 -0.009852950 0.029869528 -0.950292110 0.009808348 0.999950528 0.001639319 -1.255966783 -0.029884202 -0.001345537 0.999552429 93.058158875
0.999417305 -0.010515847 0.032470655 -0.917180538 0.010404943 0.999939442 0.003582527 -1.275227547 -0.032506358 -0.003242584 0.999466240 94.217544556
0.999328852 -0.011733641 0.034699351 -0.882682085 0.011580262 0.999922276 0.004617857 -1.294600725 -0.034750830 -0.004212931 0.999387085 95.368568420
0.999229908 -0.013333892 0.036902890 -0.827147007 0.013252322 0.999909103 0.002454124 -1.313367367 -0.036932271 -0.001963185 0.999315858 96.505989075
0.999145746 -0.014659168 0.038638081 -0.781369209 0.014717180 0.999890924 -0.001217456 -1.328780413 -0.038616020 0.001785059 0.999252558 97.662872314
0.999088883 -0.013989577 0.040320575 -0.731909037 0.014159563 0.999891996 -0.003933401 -1.349879622 -0.040261202 0.004500739 0.999179065 98.840858459
0.999001145 -0.013614973 0.042560596 -0.699432373 0.013829174 0.999893129 -0.004742490 -1.373733282 -0.042491481 0.005326331 0.999082565 100.015457153
0.998966396 -0.014158733 0.043193899 -0.650461197 0.014346530 0.999888957 -0.004040861 -1.396564841 -0.043131877 0.004656366 0.999058545 101.160224915
0.999006033 -0.013742531 0.042404484 -0.612850189 0.013845888 0.999901831 -0.002144659 -1.419677258 -0.042370845 0.002729655 0.999098182 102.341178894
0.999059081 -0.014289346 0.040948130 -0.570237160 0.014336470 0.999896884 -0.000857388 -1.438231111 -0.040931653 0.001443633 0.999160886 103.528572083
0.999145150 -0.013806281 0.038967464 -0.532442093 0.013815920 0.999904573 0.000021903 -1.458552718 -0.038964041 0.000516487 0.999240518 104.735260010
0.999244928 -0.013652150 0.036375966 -0.485017776 0.013641225 0.999906778 0.000548549 -1.478446603 -0.036380060 -0.000051922 0.999338031 105.964637756
0.999358654 -0.013409673 0.033204842 -0.446739912 0.013393163 0.999910057 0.000719605 -1.500597715 -0.033211496 -0.000274425 0.999448299 107.202972412
0.999498129 -0.011720028 0.029430933 -0.423720837 0.011726317 0.999931216 -0.000041093 -1.516877294 -0.029428422 0.000386189 0.999566793 108.312187195
0.999598920 -0.010900724 0.026138639 -0.413204193 0.010896082 0.999940574 0.000320011 -1.532584071 -0.026140576 -0.000035074 0.999658346 109.525276184
0.999689221 -0.010885957 0.022426404 -0.399054766 0.010859596 0.999940157 0.001296847 -1.555482149 -0.022439178 -0.001052903 0.999747694 110.740882874
0.999778509 -0.010810086 0.018063154 -0.384504318 0.010773485 0.999939680 0.002122371 -1.574723601 -0.018085010 -0.001927297 0.999834597 111.967124939
0.999859571 -0.010930762 0.012702900 -0.360237122 0.010897642 0.999937057 0.002673596 -1.591814399 -0.012731324 -0.002534789 0.999915719 113.087974548
0.999912024 -0.010266121 0.008405572 -0.367140055 0.010240959 0.999942958 0.003031137 -1.612171769 -0.008436207 -0.002944789 0.999960124 114.308418274
0.999948144 -0.009649353 0.003251532 -0.370482951 0.009640374 0.999949753 0.002766215 -1.629583478 -0.003278058 -0.002734726 0.999990880 115.525253296
0.999956071 -0.009179168 -0.001874517 -0.376605213 0.009183777 0.999954760 0.002464739 -1.649000764 0.001851806 -0.002481846 0.999995172 116.709213257
0.999942720 -0.008117320 -0.006960328 -0.385749251 0.008131008 0.999965072 0.001940507 -1.675952196 0.006944331 -0.001996991 0.999973893 117.909233093
0.999926984 -0.006099350 -0.010431111 -0.409187376 0.006120087 0.999979436 0.001957195 -1.693393469 0.010418957 -0.002020892 0.999943733 119.141311646
0.999909461 -0.003983697 -0.012847044 -0.433398366 0.004007144 0.999990404 0.001799923 -1.710070968 0.012839750 -0.001851239 0.999915838 120.376602173
0.999894679 -0.002567591 -0.014278523 -0.454369307 0.002590179 0.999995470 0.001563588 -1.727201939 0.014274443 -0.001600408 0.999896884 121.640289307
0.999883354 -0.001165450 -0.015228254 -0.478995323 0.001196508 0.999997199 0.002030586 -1.748982191 0.015225846 -0.002048570 0.999881923 122.839859009
0.999863088 0.000100641 -0.016545735 -0.509456277 -0.000052838 0.999995887 0.002889508 -1.766420484 0.016545959 -0.002888239 0.999858916 124.076187134
0.999851227 -0.000240375 -0.017251162 -0.534381628 0.000302084 0.999993563 0.003574538 -1.788632870 0.017250193 -0.003579218 0.999844790 125.312667847
0.999818981 0.003739022 -0.018656712 -0.565063238 -0.003631770 0.999976695 0.005779263 -1.806863308 0.018677888 -0.005710459 0.999809206 126.560417175
0.999817848 0.004233353 -0.018608246 -0.598737478 -0.004068728 0.999952316 0.008875907 -1.818011045 0.018644933 -0.008798580 0.999787450 127.762977600
0.999817312 0.003277694 -0.018827254 -0.635007501 -0.003121326 0.999960482 0.008328864 -1.826063395 0.018853808 -0.008268578 0.999788046 129.015319824
0.999803722 0.002989722 -0.019586194 -0.668053150 -0.002861167 0.999974191 0.006588333 -1.833982944 0.019605385 -0.006531001 0.999786437 130.258499146
0.999812126 0.000176362 -0.019380802 -0.714641929 -0.000039673 0.999975145 0.007053002 -1.837580800 0.019381564 -0.007050909 0.999787271 131.528244019
0.999782145 -0.002673666 -0.020699881 -0.740296125 0.002852075 0.999958992 0.008594145 -1.844118237 0.020676054 -0.008651312 0.999748826 132.771621704
0.999744594 -0.005871201 -0.021823268 -0.749285698 0.006120778 0.999916434 0.011387101 -1.860964656 0.021754587 -0.011517771 0.999696970 134.040817261
0.999703467 -0.007896968 -0.023037650 -0.773582697 0.008178518 0.999892771 0.012152839 -1.866897106 0.022939205 -0.012337648 0.999660730 135.309173584
0.999666095 -0.012158244 -0.022799348 -0.803360224 0.012391042 0.999872208 0.010097395 -1.873757243 0.022673666 -0.010376533 0.999689043 136.576721191
0.999630928 -0.014824908 -0.022766260 -0.842650414 0.015048587 0.999839842 0.009685254 -1.891698360 0.022619030 -0.010024279 0.999693871 137.846359253
0.999634027 -0.015663775 -0.022054777 -0.870852947 0.015873449 0.999830067 0.009364213 -1.891657114 0.021904353 -0.009710871 0.999712884 139.119308472
0.999629140 -0.016006522 -0.022033803 -0.901722670 0.016223988 0.999821067 0.009726597 -1.900625825 0.021874174 -0.010080466 0.999709904 140.393234253
0.999647617 -0.015665846 -0.021429472 -0.935666084 0.015917378 0.999805808 0.011617977 -1.906537414 0.021243308 -0.011954986 0.999702811 141.683517456
0.999707997 -0.012999841 -0.020369254 -0.970509768 0.013276865 0.999820411 0.013524366 -1.921982050 0.020189784 -0.013790856 0.999701083 142.956939697
0.999723494 -0.013200494 -0.019457707 -1.012249231 0.013426952 0.999843121 0.011554159 -1.927675486 0.019302135 -0.011812221 0.999743998 144.232940674
0.999734759 -0.012709933 -0.019203393 -1.046246529 0.012897537 0.999870062 0.009677259 -1.936252236 0.019077903 -0.009922370 0.999768794 145.507583618
0.999741971 -0.013513230 -0.018258281 -1.087455511 0.013652533 0.999878466 0.007526605 -1.957019925 0.018154358 -0.007773934 0.999805033 146.791122437
0.999724150 -0.015089505 -0.017996285 -1.121376514 0.015153166 0.999879420 0.003406333 -1.975141287 0.017942717 -0.003678094 0.999832273 148.073730469
0.999729812 -0.014424463 -0.018229974 -1.122295976 0.014427235 0.999895871 0.000020505 -1.986272931 0.018227782 -0.000283508 0.999833822 149.355712891
0.999732733 -0.014700858 -0.017842863 -1.156344652 0.014681672 0.999891520 -0.001205829 -2.007912397 0.017858652 0.000943544 0.999840081 150.634307861
0.999728084 -0.015006553 -0.017852895 -1.191765428 0.014994531 0.999887288 -0.000806990 -2.035412312 0.017862992 0.000539075 0.999840319 151.896072388
0.999735534 -0.014443285 -0.017898351 -1.229808450 0.014439859 0.999895692 -0.000320664 -2.065130711 0.017901115 0.000062130 0.999839842 153.173324585
0.999729574 -0.014189131 -0.018423932 -1.241219878 0.014210997 0.999898434 0.001056437 -2.077521086 0.018407071 -0.001317974 0.999829710 154.421539307
0.999718249 -0.013763135 -0.019342506 -1.266816974 0.013793567 0.999903858 0.001440723 -2.099785328 0.019320818 -0.001707119 0.999811888 155.690109253
0.999718428 -0.013593481 -0.019449532 -1.306096315 0.013617339 0.999906659 0.001094703 -2.122238636 0.019432835 -0.001359244 0.999810219 156.956970215
0.999710560 -0.013263898 -0.020073611 -1.333523512 0.013296388 0.999910474 0.001485932 -2.140630007 0.020052109 -0.001752408 0.999797344 158.232284546
0.999679863 -0.013900673 -0.021145195 -1.361511230 0.013956220 0.999899507 0.002481661 -2.158536911 0.021108579 -0.002775973 0.999773324 159.503021240
0.999681473 -0.012969302 -0.021658367 -1.398395300 0.013031278 0.999911368 0.002722773 -2.178572178 0.021621138 -0.003004141 0.999761701 160.763107300
0.999679804 -0.012560016 -0.021969067 -1.436021805 0.012615104 0.999917626 0.002370745 -2.207819462 0.021937484 -0.002647128 0.999755800 162.005935669
0.999681950 -0.011565447 -0.022411285 -1.469997168 0.011588887 0.999932528 0.000916397 -2.224486351 0.022399172 -0.001175828 0.999748409 163.292877197
0.999676049 -0.010858729 -0.023020772 -1.509094477 0.010882025 0.999940455 0.000887006 -2.245621443 0.023009770 -0.001137231 0.999734581 164.561935425
0.999636650 -0.011538855 -0.024361026 -1.538487196 0.011547071 0.999933302 0.000196631 -2.272254705 0.024357133 -0.000477858 0.999703228 165.812576294
0.999618769 -0.011174972 -0.025247617 -1.582410336 0.011159042 0.999937415 -0.000771691 -2.295995235 0.025254659 0.000489657 0.999680936 167.066268921
0.999610960 -0.011091770 -0.025594406 -1.626857519 0.011086792 0.999938548 -0.000336307 -2.323713064 0.025596563 0.000052416 0.999672353 168.330657959
0.999613941 -0.010517123 -0.025713332 -1.667712450 0.010534560 0.999944329 0.000542728 -2.333360195 0.025706192 -0.000813398 0.999669194 169.627319336
0.999573052 -0.010578102 -0.027236870 -1.702643156 0.010606037 0.999943376 0.000881294 -2.355669022 0.027226005 -0.001169793 0.999628544 170.895187378
0.999548912 -0.010682490 -0.028066672 -1.747357845 0.010723666 0.999941647 0.001316959 -2.381512642 0.028050967 -0.001617344 0.999605119 172.167236328
0.999555647 -0.009948581 -0.028097255 -1.793756723 0.009996038 0.999948919 0.001549093 -2.392824888 0.028080408 -0.001829266 0.999603927 173.435302734
0.999563873 -0.009593000 -0.027927540 -1.845416307 0.009606312 0.999953747 0.000342565 -2.410302401 0.027922964 -0.000610696 0.999609828 174.716903687
0.999550104 -0.009030963 -0.028599279 -1.891421318 0.009022013 0.999959230 -0.000441919 -2.430775404 0.028602099 0.000183697 0.999590874 175.992416382
0.999533415 -0.009188121 -0.029129751 -1.937889099 0.009195501 0.999957681 0.000119380 -2.460831642 0.029127423 -0.000387187 0.999575555 177.260910034
0.999546051 -0.009672393 -0.028531868 -2.000417471 0.009666607 0.999953210 -0.000340725 -2.495851278 0.028533829 0.000064764 0.999592781 178.528976440
0.999496996 -0.010641087 -0.029874647 -2.022344351 0.010576474 0.999941349 -0.002320032 -2.511546135 0.029897582 0.002002897 0.999550939 179.813140869
0.999456286 -0.013832991 -0.029930698 -2.065618038 0.013758543 0.999901712 -0.002691950 -2.532185793 0.029964993 0.002278684 0.999548316 181.083267212
0.999456167 -0.013481289 -0.030093478 -2.117302179 0.013528369 0.999907494 0.001361345 -2.561843157 0.030072344 -0.001767720 0.999546111 182.340652466
0.999471247 -0.013401163 -0.029624794 -2.172863007 0.013574954 0.999891758 0.005673038 -2.588713884 0.029545562 -0.006072194 0.999544919 183.614379883
0.999462128 -0.012306477 -0.030398389 -2.205899477 0.012475221 0.999907732 0.005367680 -2.588831902 0.030329529 -0.005744020 0.999523401 184.861801147
0.999491155 -0.010720924 -0.030043874 -2.255352736 0.010788534 0.999939620 0.002089113 -2.605154037 0.030019663 -0.002412179 0.999546349 186.106613159
0.999475896 -0.010620036 -0.030581594 -2.298852682 0.010620617 0.999943554 -0.000143429 -2.623638630 0.030581392 -0.000181442 0.999532223 187.351577759
0.999456108 -0.011316425 -0.030974686 -2.340567827 0.011339140 0.999935567 0.000557782 -2.649358749 0.030966375 -0.000908705 0.999520004 188.605102539
0.999473929 -0.011256034 -0.030419108 -2.392765760 0.011309110 0.999934912 0.001573298 -2.669617891 0.030399412 -0.001916483 0.999535978 189.849517822
0.999457896 -0.011104356 -0.030994831 -2.430508614 0.011234961 0.999928772 0.004042838 -2.697704315 0.030947724 -0.004388872 0.999511421 191.092346191
0.999493599 -0.011656189 -0.029608121 -2.493598700 0.011801274 0.999919236 0.004730182 -2.717102051 0.029550588 -0.005077200 0.999550402 192.363662720
0.999531865 -0.011940123 -0.028168892 -2.539229870 0.012062601 0.999918520 0.004182061 -2.743278265 0.028116662 -0.004519893 0.999594450 193.624465942
0.999539733 -0.013128495 -0.027347669 -2.555116653 0.013202514 0.999909639 0.002527819 -2.748457670 0.027312011 -0.002887713 0.999622762 194.897201538
0.999564290 -0.013615018 -0.026185058 -2.594029903 0.013646807 0.999906301 0.001035631 -2.770828962 0.026168507 -0.001392523 0.999656558 196.119522095
0.999601603 -0.013944315 -0.024539016 -2.634625912 0.013959253 0.999902487 0.000437625 -2.795149565 0.024530519 -0.000779996 0.999698758 197.347717285
0.999640107 -0.013468499 -0.023198238 -2.675531864 0.013508353 0.999907494 0.001562119 -2.824759960 0.023175051 -0.001874927 0.999729633 198.570190430
0.999680877 -0.013262667 -0.021498658 -2.713209152 0.013337919 0.999905407 0.003360723 -2.843903065 0.021452049 -0.003646398 0.999763191 199.783142090
0.999691188 -0.013018765 -0.021164875 -2.729161263 0.013094655 0.999908328 0.003451076 -2.862593174 0.021118008 -0.003727158 0.999769986 200.981475830
0.999705493 -0.013330453 -0.020275977 -2.761585712 0.013403349 0.999904215 0.003463585 -2.882146120 0.020227863 -0.003734331 0.999788404 202.184219360
0.999712229 -0.013541731 -0.019798307 -2.783297062 0.013613258 0.999901295 0.003482512 -2.902224541 0.019749193 -0.003751029 0.999797940 203.392471313
0.999730229 -0.013689838 -0.018760817 -2.807144642 0.013759035 0.999898970 0.003564350 -2.919244766 0.018710127 -0.003821519 0.999817610 204.593948364
0.999777436 -0.012773453 -0.016792012 -2.849224567 0.012839062 0.999910355 0.003805225 -2.943856955 0.016741903 -0.004019972 0.999851704 205.767578125
0.999775767 -0.013065713 -0.016665256 -2.867068768 0.013134044 0.999905765 0.003997408 -2.964608192 0.016611455 -0.004215394 0.999853134 206.945083618
0.999775052 -0.014186165 -0.015767250 -2.896717787 0.014252355 0.999890089 0.004093537 -2.987850189 0.015707444 -0.004317338 0.999867260 208.099868774
0.999776661 -0.014228615 -0.015626689 -2.923766136 0.014305793 0.999885917 0.004838304 -3.007562160 0.015556064 -0.005060776 0.999866128 209.255844116
0.999771476 -0.014628732 -0.015595242 -2.948879719 0.014721383 0.999874532 0.005842942 -3.026511908 0.015507812 -0.006071190 0.999861300 210.366622925
0.999764085 -0.014162537 -0.016469067 -2.964514971 0.014261812 0.999880672 0.005926153 -3.043205261 0.016383177 -0.006159633 0.999846756 211.518829346
0.999756515 -0.013845736 -0.017182266 -2.987738371 0.013928732 0.999891877 0.004719992 -3.061003208 0.017115058 -0.004958171 0.999841213 212.612564087
0.999746382 -0.014125268 -0.017537201 -3.012324810 0.014191964 0.999892414 0.003684452 -3.078497648 0.017483272 -0.003932405 0.999839425 213.691192627
0.999740601 -0.014317482 -0.017714370 -3.046206474 0.014385645 0.999889553 0.003726426 -3.100744724 0.017659061 -0.003980292 0.999836147 214.776519775
0.999716520 -0.014487642 -0.018897578 -3.072009325 0.014559682 0.999887228 0.003680120 -3.119145393 0.018842131 -0.003954220 0.999814630 215.834350586
0.999678195 -0.014207527 -0.021013277 -3.091745138 0.014307367 0.999887049 0.004608591 -3.132521391 0.020945426 -0.004907753 0.999768555 216.871139526
0.999621451 -0.015239276 -0.022903237 -3.124366283 0.015388113 0.999861538 0.006336476 -3.151012897 0.022803504 -0.006686515 0.999717593 217.913650513
0.999555111 -0.015403429 -0.025539216 -3.149293900 0.015619038 0.999843895 0.008264384 -3.171855450 0.025407929 -0.008659607 0.999639630 218.947082520
0.999473929 -0.015390946 -0.028545458 -3.172740936 0.015627792 0.999845266 0.008092768 -3.185893536 0.028416481 -0.008534614 0.999559700 219.950881958
0.999398708 -0.015247189 -0.031139554 -3.209485292 0.015495236 0.999850035 0.007739924 -3.205091953 0.031016871 -0.008217785 0.999485016 220.950469971
0.999291122 -0.015432524 -0.034336943 -3.242102146 0.015684349 0.999852002 0.007076710 -3.207022667 0.034222648 -0.007610247 0.999385178 221.918365479
0.999235392 -0.014467259 -0.036322717 -3.298435211 0.014770672 0.999858141 0.008098822 -3.228427887 0.036200389 -0.008629140 0.999307394 222.875961304
0.999119043 -0.014262552 -0.039468534 -3.339093685 0.014587410 0.999862015 0.007955071 -3.246660709 0.039349619 -0.008523806 0.999189138 223.797698975
0.998980999 -0.014452300 -0.042757045 -3.381729126 0.014767782 0.999866009 0.007071790 -3.258483887 0.042649109 -0.007696011 0.999060392 224.700592041
0.998873770 -0.014858492 -0.045058347 -3.441423893 0.015156546 0.999865413 0.006280399 -3.275137186 0.044958960 -0.006956253 0.998964548 225.591461182
0.998744190 -0.014089854 -0.048077863 -3.494705677 0.014396911 0.999878168 0.006046353 -3.293444395 0.047986805 -0.006730932 0.998825252 226.451904297
0.998585403 -0.013908631 -0.051318653 -3.543059349 0.014188539 0.999886394 0.005094028 -3.309044838 0.051241964 -0.005814959 0.998669326 227.287643433
0.998487234 -0.012155266 -0.053625561 -3.598366737 0.012412770 0.999913037 0.004471410 -3.318397999 0.053566545 -0.005130286 0.998551130 228.121002197
0.998449504 -0.010644256 -0.054638013 -3.632472038 0.010976271 0.999922931 0.005780127 -3.328408718 0.054572292 -0.006370886 0.998489439 228.953628540
0.998467147 -0.010562306 -0.054331634 -3.680570602 0.010951901 0.999916255 0.006877936 -3.343630791 0.054254454 -0.007462427 0.998499274 229.731613159
0.998469591 -0.010632343 -0.054271579 -3.723300934 0.011070270 0.999908388 0.007774964 -3.359229565 0.054183945 -0.008363866 0.998495936 230.495040894
0.998456299 -0.010922775 -0.054458287 -3.764433861 0.011325383 0.999910653 0.007089847 -3.370621204 0.054375991 -0.007695664 0.998490870 231.239776611
0.998484075 -0.010861882 -0.053959250 -3.809426308 0.011156281 0.999924362 0.005157758 -3.384397507 0.053899154 -0.005751924 0.998529792 231.982589722
0.998587787 -0.010569476 -0.052063860 -3.857188225 0.010749359 0.999937177 0.003176226 -3.396485567 0.052027017 -0.003731393 0.998638809 232.717987061
0.998650968 -0.010581258 -0.050835885 -3.898005009 0.010686118 0.999941349 0.001791357 -3.408183575 0.050813943 -0.002332179 0.998705447 233.442489624
0.998729706 -0.009907234 -0.049404804 -3.938313007 0.009985248 0.999949276 0.001332496 -3.422142506 0.049389098 -0.001824123 0.998777986 234.168212891
0.998817086 -0.010478597 -0.047483321 -3.978886604 0.010537704 0.999943972 0.000994584 -3.433279991 0.047470249 -0.001493773 0.998871446 234.884704590
0.998864949 -0.011144186 -0.046310481 -4.005533218 0.011200408 0.999936879 0.000954694 -3.447860718 0.046296921 -0.001472306 0.998926640 235.617614746
0.998946726 -0.011368449 -0.044455491 -4.039691448 0.011401636 0.999934971 0.000493005 -3.457443476 0.044447001 -0.000999351 0.999011278 236.343338013
0.999041021 -0.011717615 -0.042185906 -4.075126171 0.011730270 0.999931276 0.000052461 -3.469284534 0.042182401 -0.000547263 0.999109805 237.055007935
0.999141395 -0.011547571 -0.039787009 -4.099654198 0.011577880 0.999932885 0.000531424 -3.482639074 0.039778195 -0.000991617 0.999208093 237.763122559
0.999286234 -0.011330601 -0.036036704 -4.130250931 0.011421863 0.999932051 0.002327592 -3.505837202 0.036007885 -0.002737536 0.999347746 238.473312378
0.999369979 -0.011968676 -0.033411071 -4.151710510 0.012075903 0.999922574 0.003009342 -3.521339417 0.033372466 -0.003410915 0.999437153 239.166595459
0.999466240 -0.012441802 -0.030205620 -4.176630020 0.012542704 0.999916375 0.003153295 -3.534246683 0.030163866 -0.003530472 0.999538660 239.859222412
0.999568403 -0.012753922 -0.026464390 -4.203567505 0.012831567 0.999913812 0.002766089 -3.546007872 0.026426833 -0.003104474 0.999645889 240.549179077
0.999636948 -0.012782062 -0.023716509 -4.218349457 0.012843202 0.999914527 0.002427375 -3.557443857 0.023683462 -0.002731089 0.999715805 241.232971191
0.999717295 -0.011927445 -0.020566188 -4.241815090 0.011957139 0.999927700 0.001321431 -3.566614628 0.020548945 -0.001566969 0.999787509 241.937927246
0.999763608 -0.011829967 -0.018241715 -4.251312256 0.011850676 0.999929249 0.001027574 -3.578930855 0.018228268 -0.001243508 0.999833047 242.638366699
0.999812245 -0.011414982 -0.015659485 -4.259069443 0.011445899 0.999932706 0.001886111 -3.590030432 0.015636900 -0.002064993 0.999875605 243.352539062
0.999850273 -0.011176544 -0.013205268 -4.271612167 0.011209761 0.999934196 0.002444195 -3.600618362 0.013177082 -0.002591857 0.999909818 244.054153442
0.999872744 -0.011367357 -0.011198936 -4.280884266 0.011392616 0.999932706 0.002194212 -3.611501694 0.011173239 -0.002321518 0.999934912 244.758895874
0.999902964 -0.011296504 -0.008152512 -4.296524048 0.011301453 0.999935985 0.000561186 -3.622521639 0.008145647 -0.000653266 0.999966621 245.464935303
0.999921799 -0.011082462 -0.005798891 -4.308162212 0.011072421 0.999937177 -0.001760838 -3.634317636 0.005818044 0.001696492 0.999981642 246.178787231
0.999894202 -0.013155906 -0.006191612 -4.297158241 0.013134873 0.999907851 -0.003425184 -3.642379045 0.006236099 0.003343496 0.999974966 246.907684326
0.999900639 -0.012891380 -0.005696995 -4.306058884 0.012869815 0.999909997 -0.003805446 -3.655023813 0.005745539 0.003731749 0.999976575 247.627120972
0.999890566 -0.013597272 -0.005824319 -4.311615944 0.013572143 0.999898553 -0.004332108 -3.671096087 0.005882630 0.004252587 0.999973714 248.357299805
0.999908030 -0.012312992 -0.005688378 -4.317138195 0.012285959 0.999913216 -0.004762795 -3.683241844 0.005746528 0.004692470 0.999972463 249.091415405
0.999904335 -0.012831056 -0.005190559 -4.325840950 0.012806748 0.999907017 -0.004689560 -3.699348688 0.005250249 0.004622636 0.999975502 249.834274292
0.999904156 -0.012916996 -0.004981723 -4.331649780 0.012881408 0.999891877 -0.007110171 -3.711368561 0.005073025 0.007045319 0.999962330 250.577835083
0.999848247 -0.016809395 -0.004581164 -4.328977585 0.016765857 0.999815404 -0.009381720 -3.725802422 0.004738019 0.009303488 0.999945462 251.332855225
0.999794960 -0.019797394 -0.004260397 -4.328719616 0.019752908 0.999752462 -0.010241175 -3.744477749 0.004462089 0.010154918 0.999938488 252.110733032
0.999848366 -0.016996991 -0.003795540 -4.338343620 0.016973061 0.999836445 -0.006250226 -3.759777069 0.003901155 0.006184856 0.999973238 252.882247925
0.999912918 -0.012868547 -0.002886306 -4.354739189 0.012868275 0.999917209 -0.000111778 -3.768937826 0.002887506 0.000074626 0.999995768 253.649505615
0.999902606 -0.013785931 -0.002119213 -4.358614922 0.013792602 0.999899864 0.003167078 -3.781015635 0.002075340 -0.003195999 0.999992728 254.442901611
0.999891102 -0.014751881 0.000275451 -4.360097885 0.014751595 0.999890745 0.001004109 -3.792819738 -0.000290231 -0.000999936 0.999999404 255.236099243
0.999892592 -0.013915662 0.004610414 -4.364081860 0.013939163 0.999889731 -0.005105201 -3.803740501 -0.004538864 0.005168918 0.999976397 256.032714844
0.999893725 -0.011914645 0.008400775 -4.362506866 0.011987782 0.999890208 -0.008710126 -3.814376354 -0.008296072 0.008809907 0.999926746 256.840515137
0.999873340 -0.010975381 0.011528458 -4.358717442 0.011072002 0.999903858 -0.008351230 -3.832548380 -0.011435689 0.008477815 0.999898672 257.680908203
0.999810278 -0.012404169 0.015014659 -4.350711346 0.012497748 0.999902964 -0.006154983 -3.851329327 -0.014936848 0.006341464 0.999868274 258.522949219
0.999725521 -0.015555269 0.017516481 -4.329196453 0.015599014 0.999875546 -0.002363483 -3.869489431 -0.017477529 0.002636075 0.999843776 259.364624023
0.999638855 -0.018040568 0.019916754 -4.307974339 0.018061761 0.999836504 -0.000884675 -3.883474112 -0.019897539 0.001244088 0.999801219 260.199798584
0.999570608 -0.018097667 0.023045355 -4.294075966 0.018111257 0.999835968 -0.000381114 -3.901298046 -0.023034673 0.000798331 0.999734342 261.037719727
0.999540806 -0.016208775 0.025600830 -4.280271053 0.016272280 0.999864995 -0.002274185 -3.918302536 -0.025560508 0.002689724 0.999669671 261.871185303
0.999485970 -0.015589191 0.028013244 -4.266624451 0.015723497 0.999865949 -0.004580420 -3.932219505 -0.027938079 0.005018531 0.999597073 262.712646484
0.999440968 -0.013736994 0.030478466 -4.226855278 0.013895555 0.999890864 -0.004996697 -3.932556152 -0.030406509 0.005417420 0.999522924 263.592041016
0.999379396 -0.012703525 0.032856699 -4.197960854 0.012804288 0.999913871 -0.002858142 -3.949004650 -0.032817569 0.003277075 0.999455988 264.435760498
0.999295950 -0.011448461 0.035727531 -4.171874046 0.011494681 0.999933243 -0.001088561 -3.968378067 -0.035712693 0.001498471 0.999360919 265.275024414
0.999192536 -0.010794611 0.038700934 -4.148816109 0.010853362 0.999940217 -0.001308310 -3.983000994 -0.038684506 0.001727288 0.999249935 266.128540039
0.999074697 -0.011107085 0.041550830 -4.121788025 0.011175452 0.999936521 -0.001413471 -4.005741119 -0.041532494 0.001876513 0.999135375 266.986877441
0.998955250 -0.012877215 0.043847747 -4.078118324 0.012975822 0.999913812 -0.001964951 -4.016425133 -0.043818668 0.002531859 0.999036312 267.835845947
0.998821557 -0.016354024 0.045694098 -4.041356087 0.016421881 0.999864519 -0.001110007 -4.035606861 -0.045669757 0.001859082 0.998954892 268.679260254
0.998766124 -0.016324457 0.046900433 -3.993762016 0.016415631 0.999863982 -0.001559477 -4.046110630 -0.046868615 0.002327454 0.998898268 269.536804199
0.998773217 -0.016360879 0.046735901 -3.947418213 0.016522665 0.999858677 -0.003077517 -4.042699337 -0.046678938 0.003845944 0.998902500 270.388732910
0.998720109 -0.017150532 0.047581609 -3.918361664 0.017248306 0.999849796 -0.001644971 -4.074047089 -0.047546260 0.002463568 0.998865962 271.239624023
0.998728156 -0.017187644 0.047398366 -3.879339218 0.017260436 0.999850273 -0.001126821 -4.089920521 -0.047371905 0.001943504 0.998875380 272.103607178
0.998744547 -0.017254248 0.047026921 -3.849062920 0.017314270 0.999849737 -0.000869340 -4.105806828 -0.047004852 0.001682485 0.998893201 272.970062256
0.998791516 -0.017294316 0.046004664 -3.815967560 0.017386293 0.999847531 -0.001599841 -4.123335838 -0.045969985 0.002397758 0.998939931 273.848480225
0.998874068 -0.016301889 0.044551056 -3.781274796 0.016416792 0.999862790 -0.002214454 -4.141671181 -0.044508845 0.002943345 0.999004662 274.677612305
0.998969555 -0.015429723 0.042683084 -3.745762825 0.015569577 0.999874413 -0.002946031 -4.157359123 -0.042632263 0.003607552 0.999084294 275.535369873
0.999041677 -0.014294802 0.041370925 -3.720407486 0.014440037 0.999890685 -0.003213875 -4.177347660 -0.041320458 0.003808193 0.999138713 276.393341064
0.999125183 -0.012957502 0.039760340 -3.703874588 0.013112433 0.999907315 -0.003638296 -4.195654869 -0.039709512 0.004156468 0.999202549 277.229034424
0.999197483 -0.012308353 0.038118772 -3.691703796 0.012434988 0.999917924 -0.003086828 -4.212797642 -0.038077649 0.003558356 0.999268353 278.072052002
0.999314666 -0.012799175 0.034733064 -3.648535728 0.012859474 0.999916315 -0.001513237 -4.229792595 -0.034710780 0.001958849 0.999395430 278.954467773
0.999433994 -0.013737776 0.030708637 -3.630572319 0.013725266 0.999905705 0.000618221 -4.243352890 -0.030714227 -0.000196387 0.999528170 279.797485352
0.999555707 -0.014864964 0.025832854 -3.611361504 0.014816376 0.999888122 0.002071257 -4.258544922 -0.025860745 -0.001687587 0.999664187 280.644927979
0.999650359 -0.015624983 0.021331960 -3.601866245 0.015558640 0.999873638 0.003272553 -4.275763035 -0.021380398 -0.002939512 0.999767065 281.476226807
0.999737859 -0.016073685 0.016310316 -3.592463017 0.016016098 0.999865174 0.003655318 -4.288853645 -0.016366871 -0.003393131 0.999860287 282.293853760
0.999791801 -0.016761309 0.011627125 -3.587930441 0.016706366 0.999848843 0.004806340 -4.305104256 -0.011705924 -0.004611093 0.999920845 283.107391357
0.999819100 -0.017716149 0.006915408 -3.588255882 0.017682610 0.999831736 0.004880874 -4.315729141 -0.007000716 -0.004757710 0.999964118 283.910064697
0.999827981 -0.018294174 0.003040537 -3.592355967 0.018280234 0.999822497 0.004551181 -4.330606461 -0.003123257 -0.004494817 0.999984980 284.695465088
0.999840736 -0.017823074 -0.000827915 -3.599111557 0.017826401 0.999832213 0.004197225 -4.343121529 0.000752970 -0.004211316 0.999990821 285.464477539
