1.000000000 0.000000000 0.000000000 0.000000000 0.000000000 1.000000000 0.000000000 0.000000000 0.000000000 0.000000000 1.000000000 0.000000000
0.999993801 -0.001655844 -0.003094549 0.000143481 0.001659287 0.999998033 0.001110680 0.000100907 0.003092704 -0.001115808 0.999994576 0.000369749
0.999981642 -0.002302617 -0.005605277 0.000166656 0.002309446 0.999996603 0.001212177 0.000273495 0.005602466 -0.001225099 0.999983549 -0.000002570
0.999979496 -0.002401862 -0.005938735 0.000260653 0.002400956 0.999997079 -0.000159762 0.000367497 0.005939100 0.000145501 0.999982357 -0.000290565
0.999969542 -0.002625716 -0.007359263 0.000249478 0.002621233 0.999996364 -0.000618709 0.000201796 0.007360860 0.000599400 0.999972641 -0.000203815
0.999961257 -0.002671562 -0.008388847 0.000085799 0.002659900 0.999995530 -0.001400907 0.000282563 0.008392552 0.001378539 0.999963820 0.000097640
0.999946117 -0.004057738 -0.009560360 0.000054629 0.004048279 0.999991298 -0.001008486 0.000361759 0.009564368 0.000969729 0.999953747 -0.000356872
0.999953091 -0.002774282 -0.009278893 0.000118645 0.002775043 0.999996126 0.000069057 0.000314440 0.009278664 -0.000094803 0.999956965 -0.000177855
0.999957263 -0.001650406 -0.009104124 0.000161036 0.001648289 0.999998629 -0.000240055 0.000375096 0.009104508 0.000225038 0.999958515 -0.000101188
0.999953926 -0.002747640 -0.009205013 0.000089658 0.002737814 0.999995649 -0.001079910 0.000342632 0.009207940 0.001054659 0.999957025 -0.000628393
0.999942660 -0.003851816 -0.009998445 0.000197472 0.003813153 0.999985218 -0.003883042 0.000414679 0.010013254 0.003844694 0.999942422 -0.000181288
0.999946892 -0.002752090 -0.009943240 0.000560315 0.002706268 0.999985695 -0.004618885 0.000224802 0.009955810 0.004591730 0.999939859 0.000655558
0.999965608 -0.001999740 -0.008055074 0.000195623 0.001959734 0.999985754 -0.004971421 0.000538075 0.008064901 0.004955464 0.999955177 -0.000398642
0.999962091 -0.003183652 -0.008118168 0.000325824 0.003138208 0.999979377 -0.005604406 0.000391472 0.008135843 0.005578717 0.999951303 0.000051413
0.999972939 -0.002299818 -0.006991152 0.000433045 0.002260300 0.999981523 -0.005655261 0.000473572 0.007004028 0.005639306 0.999959528 0.000028343
0.999977708 -0.001869093 -0.006428845 0.000393965 0.001831417 0.999981165 -0.005861475 0.000417194 0.006439679 0.005849569 0.999962091 -0.000166134
0.999979079 -0.002711254 -0.005888874 0.000375581 0.002675373 0.999977946 -0.006092359 0.000323938 0.005905261 0.006076475 0.999964058 0.000127527
0.999976456 -0.003521856 -0.005899797 0.000365239 0.003481344 0.999970436 -0.006862858 0.000374980 0.005923792 0.006842156 0.999959052 0.000387321
0.999980688 -0.003366742 -0.005244805 0.000431331 0.003331241 0.999971569 -0.006762670 0.000114940 0.005267425 0.006745067 0.999963403 0.000456986
0.999986827 -0.003179270 -0.004034305 0.000357746 0.003150581 0.999969840 -0.007097756 0.000041917 0.004056748 0.007084953 0.999966681 0.000686124
0.999979913 -0.004070348 -0.004865412 0.000406052 0.004038610 0.999970555 -0.006515319 0.000388082 0.004891788 0.006495538 0.999966919 0.000327963
0.999974132 -0.005851507 -0.004188519 0.000313872 0.005826084 0.999964654 -0.006056422 0.000421175 0.004223810 0.006031862 0.999972880 0.000176330
0.999975204 -0.005626859 -0.004230767 0.000418860 0.005606975 0.999973297 -0.004696839 0.000221857 0.004257082 0.004673001 0.999979973 0.000045658
0.999969780 -0.006983780 -0.003428512 0.000068008 0.006961628 0.999955058 -0.006430797 0.000276177 0.003473269 0.006406733 0.999973416 0.000566210
0.999972403 -0.006623584 -0.003395073 0.000154220 0.006599875 0.999954104 -0.006947468 0.000210879 0.003440934 0.006924868 0.999970138 0.000427111
0.999971747 -0.006744970 -0.003321095 0.000258023 0.006719240 0.999947786 -0.007698436 0.000143784 0.003372847 0.007675903 0.999964833 0.000388048
0.999991775 -0.002706771 -0.003038621 0.000326790 0.002684650 0.999970019 -0.007260443 0.000144256 0.003058183 0.007252224 0.999969065 -0.000011225
0.999909580 -0.003117880 0.013077955 0.000609617 0.003213705 0.999968112 -0.007312626 0.000234778 -0.013054735 0.007353993 0.999887764 0.000221302
0.999527872 0.001542168 0.030683886 0.000893799 -0.001273198 0.999960601 -0.008783465 0.000312562 -0.030696221 0.008740252 0.999490619 0.000161976
0.999065459 0.004226497 0.043017592 0.001029646 -0.003812154 0.999945581 -0.009709420 0.000178246 -0.043056287 0.009536356 0.999027073 0.000386191
0.998390377 0.011868698 0.055460881 0.000499283 -0.011298345 0.999880016 -0.010586117 0.000558062 -0.055579878 0.009942461 0.998404741 0.000266518
0.994971037 0.025359718 0.096899562 0.000450997 -0.023916585 0.999585450 -0.016025843 0.000440757 -0.097265787 0.013627744 0.995165050 0.000636036
0.987204194 0.035538644 0.155451074 0.000142929 -0.032018274 0.999172211 -0.025092490 0.000095239 -0.156214148 0.019794142 0.987524807 0.000265665
0.977117479 0.043417212 0.208222106 0.000121039 -0.037314370 0.998753607 -0.033150092 0.000129124 -0.209401846 0.024621863 0.977519631 0.000367073
0.974465013 0.046333827 0.219707161 0.000007512 -0.039761107 0.998622119 -0.034246393 0.000094979 -0.220991194 0.024636116 0.974964559 0.000383033
0.973553479 0.047139883 0.223543435 0.000001636 -0.040393878 0.998582482 -0.034657575 0.000081271 -0.224860311 0.024711221 0.974077642 0.000439591
0.972974777 0.047706470 0.225929961 -0.000085428 -0.040839851 0.998553395 -0.034972411 0.000094081 -0.227271587 0.024800332 0.973515630 0.000397329
0.973141074 0.046724446 0.225418210 0.000008199 -0.039707698 0.998578131 -0.035564248 -0.000020889 -0.226759419 0.025658201 0.973612785 0.000300942
0.978159785 0.050786775 0.201554373 0.000324630 -0.044965927 0.998431444 -0.033357028 -0.000050652 -0.202932313 0.023565423 0.978909135 0.000615189
0.982683122 0.055851258 0.176676705 0.000128603 -0.051374890 0.998234272 -0.029813852 -0.000050915 -0.178029865 0.020220825 0.983817279 -0.000112990
0.984294713 0.058111213 0.166694462 0.000219557 -0.053949416 0.998110950 -0.029391026 0.000122252 -0.168087527 0.019936368 0.985570431 0.000550144
0.984944403 0.060940847 0.161773682 0.000075139 -0.056708213 0.997919917 -0.030657910 0.000197429 -0.163305506 0.021022443 0.986351430 0.000396896
0.985129356 0.060964055 0.160635605 0.000060920 -0.056633346 0.997900963 -0.031406019 0.000268132 -0.162213042 0.021841662 0.986513913 0.000334689
0.985219061 0.061166417 0.160006583 -0.000028289 -0.056849275 0.997888088 -0.031425223 0.000269527 -0.161590829 0.021864474 0.986615539 0.000241700
0.986091733 0.060485359 0.154804960 -0.000028213 -0.056261748 0.997918189 -0.031524796 -0.000060570 -0.156389475 0.022376742 0.987441897 0.000538677
0.990659297 0.057380438 0.123699889 0.000278982 -0.053741291 0.998023927 -0.032560576 -0.000242155 -0.125323802 0.025608646 0.991785347 0.000824257
0.997220635 0.059736211 0.044526309 0.000021972 -0.058271255 0.997738421 -0.033504121 -0.000175210 -0.046427008 0.030816395 0.998446226 0.000049873
0.997967124 0.063281313 -0.007557885 0.000975666 -0.063502692 0.997404456 -0.033942875 -0.000042565 0.005390326 0.034353826 0.999395192 -0.004122729
0.993598104 0.079274401 -0.080488928 0.000927214 -0.082056746 0.996118188 -0.031864453 -0.000178761 0.077650450 0.038265117 0.996245980 -0.019406356
0.983778417 0.069466658 -0.165391788 0.008075082 -0.077925809 0.995933592 -0.045211174 0.000169594 0.161578551 0.057366066 0.985191107 -0.028961882
0.971432030 0.050990846 -0.231775939 0.000680838 -0.067085162 0.995813429 -0.062091425 0.000829243 0.227639437 0.075866334 0.970785439 -0.001296696
0.960155487 0.052847296 -0.274423957 0.000228121 -0.070965782 0.995876431 -0.056514043 -0.000200347 0.270305842 0.073737003 0.959946692 0.000024054
0.954752028 0.056108251 -0.292062372 -0.000178434 -0.074514687 0.995848775 -0.052275494 -0.000275711 0.287916899 0.071673058 0.954969585 -0.000986477
0.953957736 0.054879792 -0.294877470 0.000279751 -0.073443785 0.995929897 -0.052244883 -0.000046458 0.290810138 0.071496330 0.954105794 0.000961840
0.949911833 0.046901610 -0.308979213 -0.000611890 -0.068387784 0.995908380 -0.059074078 -0.000114675 0.304944277 0.077245563 0.949232340 0.004393001
0.940244496 0.050921988 -0.336670727 0.000108905 -0.075951003 0.995207846 -0.061587073 0.000017326 0.331921190 0.083477393 0.939606249 0.000060475
0.935153723 0.054371376 -0.350044578 0.000073407 -0.082333878 0.994450510 -0.065492213 0.000049695 0.344541162 0.090065815 0.934440792 0.000206752
0.935218275 0.055285390 -0.349728942 0.000137734 -0.083131716 0.994409442 -0.065107532 0.000047128 0.344174266 0.089963324 0.934585810 0.000288873
0.935429990 0.055606913 -0.349110931 0.000107068 -0.083221056 0.994435549 -0.064592622 0.000001190 0.343576521 0.089475267 0.934852600 0.000282556
0.935630918 0.055945091 -0.348517984 0.000192003 -0.083344966 0.994456053 -0.064114891 -0.000009780 0.342998952 0.089035094 0.935106695 0.000314200
0.936879218 0.057923451 -0.344821841 0.000448715 -0.084686652 0.994410753 -0.063051313 -0.000036210 0.339242369 0.088273272 0.936548114 0.000733936
0.937518656 0.058325589 -0.343011498 0.000363271 -0.084897384 0.994398892 -0.062954083 -0.000135489 0.337418467 0.088141397 0.937219322 0.000922232
0.940338075 0.059484098 -0.335001409 0.000287276 -0.085427172 0.994335830 -0.063233308 -0.000130610 0.329342574 0.088078916 0.940093517 0.000540655
0.944012702 0.060161371 -0.324377120 0.000279339 -0.085038148 0.994380414 -0.063055627 -0.000103259 0.318760753 0.087109737 0.943823934 0.000506642
0.945341408 0.060182311 -0.320480406 0.000268291 -0.084735967 0.994396091 -0.063215613 -0.000117646 0.314880013 0.086916551 0.945143521 0.000586350
0.947040141 0.061883364 -0.315095693 -0.000191780 -0.085813344 0.994340479 -0.062633485 -0.000088870 0.309436500 0.086355843 0.946990967 0.000305501
0.952603817 0.059760835 -0.298286229 -0.000435267 -0.081982680 0.994669557 -0.062539630 -0.000090764 0.292958915 0.084029786 0.952425361 0.001390115
0.955204010 0.062086895 -0.289362013 0.000307651 -0.082668297 0.994802594 -0.059444167 -0.000088406 0.284167409 0.080702364 0.955372274 0.000330548
0.956424057 0.063949436 -0.284891933 0.000032518 -0.083662882 0.994830370 -0.057559930 0.000184206 0.279738158 0.078886583 0.956829965 0.000024593
0.962263227 0.065310918 -0.264166653 -0.000019478 -0.082482003 0.995105088 -0.054428320 -0.000353993 0.259318829 0.074163362 0.962940097 0.001905370
0.968643010 0.068626285 -0.238790959 0.000054288 -0.083291687 0.995174646 -0.051864505 0.000038970 0.234079465 0.070127502 0.969685018 0.000386901
0.976441979 0.075571798 -0.202113807 0.000016863 -0.086280391 0.995267808 -0.044695731 0.000054520 0.197779641 0.061081257 0.978341639 0.000625389
0.977885783 0.077348247 -0.194310874 0.000026129 -0.087259963 0.995258510 -0.042966004 0.000104897 0.190066233 0.058971416 0.979998708 0.000280694
0.980898499 0.079332560 -0.177607536 -0.000505523 -0.088246152 0.995176613 -0.042850822 0.000412726 0.173351422 0.057705496 0.983168125 -0.000481828
0.989707112 0.046994772 -0.135171786 -0.003795063 -0.053176884 0.997680664 -0.042492233 -0.004205944 0.132861391 0.049242876 0.989910603 0.006235776
0.993890345 0.104576454 -0.035295159 0.000109995 -0.106051296 0.993435740 -0.042876825 0.000072124 0.030579573 0.046357960 0.998456657 0.000138155
0.990250289 0.124776617 0.061932322 -0.000147154 -0.121454656 0.991083324 -0.054794583 0.000330676 -0.068217203 0.046738379 0.996575058 -0.000203506
0.986237168 0.127109617 0.105734706 -0.000107893 -0.120828435 0.990617573 -0.063853607 0.000272754 -0.112859085 0.050199028 0.992342114 -0.000147711
0.985720217 0.126874030 0.110720091 -0.000086580 -0.120264575 0.990645111 -0.064486414 0.000265064 -0.117865980 0.050249852 0.991757333 -0.000055397
0.985499799 0.126941085 0.112590030 -0.000094195 -0.120189779 0.990628719 -0.064877257 0.000265533 -0.119770519 0.050404333 0.991521239 -0.000052674
0.985284805 0.127244592 0.114119038 -0.000087476 -0.120395176 0.990592122 -0.065054834 0.000262451 -0.121323302 0.050358150 0.991334796 0.000007472
0.984911025 0.128274083 0.116174012 -0.000076446 -0.121341869 0.990485132 -0.064925537 0.000261447 -0.123396896 0.049849097 0.991104543 0.000008450
0.984961569 0.128619045 0.115361527 -0.000084921 -0.121767618 0.990452826 -0.064620316 0.000261697 -0.122571573 0.049601227 0.991219401 0.000011340
0.985153317 0.128912032 0.113379225 -0.000075550 -0.122208722 0.990423381 -0.064237401 0.000259839 -0.120574430 0.049427755 0.991472960 0.000027821
0.985685408 0.129252687 0.108251899 -0.000068606 -0.122844391 0.990364075 -0.063937575 0.000254481 -0.115472928 0.049724188 0.992065310 0.000084922
0.986306489 0.129955575 0.101546049 -0.000099554 -0.123931833 0.990253031 -0.063559055 0.000308997 -0.108816147 0.050103918 0.992798388 0.000072217
0.987087011 0.130711555 0.092596732 -0.000109753 -0.125196695 0.990124822 -0.063077129 0.000309060 -0.099927232 0.050669804 0.993703783 0.000076981
0.987369359 0.130663246 0.089608282 -0.000093317 -0.125277326 0.990098596 -0.063326359 0.000307385 -0.096995488 0.051300593 0.993961871 0.000088730
0.988487661 0.130490705 0.076583609 -0.000057967 -0.125711709 0.989984870 -0.064236291 0.000303987 -0.084198870 0.053869303 0.994991839 0.000248495
0.988765776 0.130378366 0.073103823 -0.000001148 -0.125808656 0.989988565 -0.063989200 0.000287113 -0.080714770 0.054073229 0.995269477 0.000483045
0.988987565 0.130439296 0.069925971 -0.000015722 -0.126072288 0.989979267 -0.063614622 0.000290329 -0.077523120 0.054098338 0.995521724 0.000453893
0.989202142 0.130542949 0.066619307 0.000003610 -0.126380101 0.989960253 -0.063298725 0.000286516 -0.074213676 0.054195866 0.995768666 0.000503026
0.989471078 0.130159631 0.063289128 0.000029010 -0.126182586 0.989989221 -0.063242175 0.000082407 -0.070887119 0.054590318 0.995989442 0.000536947
0.990755558 0.129322544 0.040976472 0.000113238 -0.126543507 0.989868760 -0.064393848 0.000056631 -0.048888903 0.058613252 0.997082949 0.000896913
0.990743041 0.129771203 0.039846614 0.000079887 -0.127070799 0.989818335 -0.064130351 0.000061365 -0.047763169 0.058473352 0.997145772 0.000805021
0.990722477 0.131059200 0.035949294 0.000002019 -0.128615111 0.989660442 -0.063484184 0.000080162 -0.043897770 0.058271579 0.997335136 0.000515122
0.990811050 0.130703092 0.034789555 0.000013330 -0.128329635 0.989701331 -0.063426264 0.000076767 -0.042721279 0.058378909 0.997379899 0.000567337
0.990833223 0.130628869 0.034432903 0.000005201 -0.128273115 0.989703655 -0.063503385 0.000079248 -0.042373739 0.058504444 0.997387469 0.000539677
0.990843177 0.130753800 0.033663638 -0.000040900 -0.128427878 0.989660323 -0.063865192 0.000095832 -0.041666172 0.058957037 0.997390568 0.000349682
0.990946710 0.130408272 0.031912744 0.000041001 -0.128146425 0.989631951 -0.064861938 0.000078392 -0.040040392 0.060185216 0.997383833 0.000684678
0.991014481 0.130354643 0.029967219 -0.000020303 -0.128167376 0.989555061 -0.065984160 0.000087171 -0.038255550 0.061550438 0.997370601 0.000598778
0.991155565 0.129898176 0.027154688 0.000006675 -0.127856106 0.989540040 -0.066808797 0.000073381 -0.035548992 0.062746011 0.997396231 0.000634822
0.991325140 0.129225299 0.023984089 0.000047214 -0.127348110 0.989530087 -0.067915797 0.000062736 -0.032509413 0.064272307 0.997402728 0.000754177
0.991412520 0.128866285 0.022242460 0.000044524 -0.127082944 0.989521682 -0.068533294 0.000068130 -0.030841019 0.065118141 0.997400880 0.000750138
0.991521716 0.128345877 0.020299077 0.000058785 -0.126674622 0.989536107 -0.069078475 0.000068081 -0.028952595 0.065921418 0.997404695 0.000782023
0.991636276 0.127770692 0.018225476 0.000062327 -0.126230150 0.989573419 -0.069357067 0.000065730 -0.026897248 0.066476382 0.997425437 0.000810116
0.991674483 0.127781868 0.015927371 0.000034663 -0.126384258 0.989524722 -0.069770329 0.000079426 -0.024675906 0.067176476 0.997435927 0.000768249
0.991774797 0.127313882 0.013190702 0.000047984 -0.126089603 0.989523470 -0.070319362 0.000067711 -0.022005145 0.068077773 0.997437298 0.000769184
0.991912544 0.126517281 0.010142636 0.000026570 -0.125492468 0.989559770 -0.070873216 0.000073640 -0.019003429 0.069027208 0.997433782 0.000700522
0.992023766 0.125857309 0.006984469 0.000040991 -0.125046909 0.989589691 -0.071242072 0.000069816 -0.015878085 0.069800436 0.997434616 0.000736447
0.992111862 0.125307515 0.003477912 0.000040990 -0.124736838 0.989587128 -0.071820609 0.000072387 -0.012441359 0.070820250 0.997411489 0.000732518
0.992264628 0.124083854 -0.003785752 0.000006320 -0.124027103 0.989579439 -0.073143609 0.000079600 -0.005329639 0.073047332 0.997314274 0.000480127
0.992289245 0.123723097 -0.007396810 0.000002353 -0.123931572 0.989576161 -0.073349148 0.000075289 -0.001755290 0.073700272 0.997278929 0.000452811
0.992333949 0.123098694 -0.010947898 0.000008583 -0.123572506 0.989572763 -0.073997185 0.000080347 0.001724780 0.074782789 0.997198403 0.000482224
0.992337167 0.122662984 -0.014861286 0.000003797 -0.123433039 0.989571393 -0.074248187 0.000084043 0.005598798 0.075513601 0.997129142 0.000459619
0.992206156 0.122623436 -0.022146784 0.000000705 -0.123948097 0.989501357 -0.074323699 0.000089883 0.012800455 0.076489471 0.996988237 0.000451504
0.992068648 0.122279830 -0.029110618 -0.000025249 -0.124130331 0.989519835 -0.073771201 0.000092314 0.019784816 0.076799616 0.996850252 0.000313316
0.991924047 0.122626841 -0.032394066 -0.000036385 -0.124723129 0.989465833 -0.073495589 0.000097937 0.023040287 0.076942347 0.996769369 0.000295733
0.991796136 0.122674473 -0.035935462 0.000000048 -0.125036702 0.989446998 -0.073216312 0.000082159 0.026574455 0.077108905 0.996668458 0.000437468
0.991650283 0.122878633 -0.039122708 0.000001193 -0.125481769 0.989403725 -0.073038675 0.000076895 0.029733256 0.077338003 0.996561527 0.000452748
0.991499484 0.123029768 -0.042336755 -0.000001665 -0.125877082 0.989364803 -0.072886571 0.000080911 0.032919288 0.077596217 0.996441245 0.000418570
0.991357625 0.123121746 -0.045290694 -0.000002547 -0.126191199 0.989340663 -0.072669491 0.000074758 0.035860747 0.077756733 0.996327281 0.000413324
0.991193831 0.123378836 -0.048088156 -0.000001783 -0.126657978 0.989296496 -0.072458111 0.000081471 0.038633645 0.077910796 0.996211410 0.000397302
0.991062224 0.123392239 -0.050695695 0.000048307 -0.126867831 0.989282846 -0.072276555 0.000051378 0.041234009 0.078062214 0.996095419 0.000662327
0.990926206 0.123529710 -0.052969091 0.000045355 -0.127171233 0.989264071 -0.072000861 0.000061092 0.043506168 0.078083687 0.995997071 0.000622480
0.990821481 0.123543270 -0.054862797 0.000044223 -0.127317414 0.989270449 -0.071653798 0.000058285 0.045421816 0.077981099 0.995919585 0.000636381
0.990740955 0.123515904 -0.056359865 0.000042277 -0.127387986 0.989291012 -0.071244344 0.000058413 0.046956480 0.077764243 0.995865345 0.000614550
0.990578711 0.123702615 -0.058749154 0.000045360 -0.127730057 0.989291787 -0.070617139 0.000068111 0.049384534 0.077455871 0.995771945 0.000614068
0.990537107 0.123620778 -0.059617743 0.000044262 -0.127713248 0.989297688 -0.070565537 0.000067156 0.050256327 0.077511758 0.995723963 0.000619026
0.990522921 0.123326287 -0.060456611 0.000037186 -0.127489179 0.989319861 -0.070659481 0.000064791 0.051096760 0.077697396 0.995666683 0.000594985
0.990508139 0.123036519 -0.061282940 0.000041997 -0.127275959 0.989331245 -0.070884615 0.000061340 0.051907733 0.078011647 0.995600164 0.000606601
0.990480602 0.122867942 -0.062061407 0.000045420 -0.127183288 0.989323139 -0.071163468 0.000061056 0.052655078 0.078379206 0.995532095 0.000606535
0.990443587 0.122773908 -0.062834226 0.000045515 -0.127161711 0.989310384 -0.071378849 0.000060745 0.053399086 0.078686841 0.995468199 0.000601253
0.990409672 0.122643210 -0.063619494 0.000050983 -0.127100468 0.989308596 -0.071511604 0.000061718 0.054168910 0.078911848 0.995408833 0.000629501
0.990373373 0.122519657 -0.064416707 0.000053526 -0.127041265 0.989314854 -0.071531042 0.000059807 0.054964468 0.079026029 0.995356143 0.000642300
0.990351617 0.122235179 -0.065287225 0.000045688 -0.126826584 0.989341915 -0.071538374 0.000058783 0.055846885 0.079128288 0.995298922 0.000610188
0.990330219 0.121908456 -0.066214882 0.000041098 -0.126575053 0.989372671 -0.071557805 0.000058348 0.056787714 0.079247005 0.995236218 0.000594355
0.990282536 0.121720485 -0.067266762 0.000025999 -0.126473248 0.989382923 -0.071596779 0.000067415 0.057837807 0.079408482 0.995162845 0.000526858
0.990247965 0.121428028 -0.068294920 0.000031064 -0.126268923 0.989401758 -0.071695775 0.000067852 0.058865234 0.079620123 0.995085716 0.000539954
0.990224421 0.120999083 -0.069388427 0.000025940 -0.125934660 0.989436150 -0.071808912 0.000070186 0.059966579 0.079845339 0.995001853 0.000517485
0.990202606 0.119872682 -0.071620315 0.000011904 -0.124995828 0.989546418 -0.071929231 0.000071335 0.062249295 0.080176748 0.994835019 0.000471460
0.990157962 0.119583890 -0.072711311 0.000022414 -0.124795601 0.989571273 -0.071936376 0.000072479 0.063350596 0.080302440 0.994755387 0.000505601
0.990100503 0.119313486 -0.073928490 0.000021092 -0.124618635 0.989599228 -0.071859315 0.000074025 0.064585775 0.080360807 0.994671226 0.000490423
0.990039349 0.118873507 -0.075440265 0.000011537 -0.124295026 0.989646494 -0.071768612 0.000075751 0.066127807 0.080430597 0.994564235 0.000452912
0.989955008 0.118568644 -0.077009499 0.000010653 -0.124120906 0.989664435 -0.071822092 0.000075279 0.067697711 0.080659129 0.994440138 0.000473304
0.989865899 0.118264832 -0.078606725 0.000024660 -0.123949088 0.989683628 -0.071854189 0.000074660 0.069297954 0.080869243 0.994312882 0.000511323
0.989795208 0.117680170 -0.080353893 0.000011111 -0.123500340 0.989746153 -0.071764693 0.000078171 0.071084701 0.080956087 0.994179547 0.000445304
0.989719331 0.117128722 -0.082076758 0.000017958 -0.123091497 0.989795029 -0.071793951 0.000075506 0.072830021 0.081158809 0.994036794 0.000514393
0.989668906 0.116357915 -0.083763994 0.000046653 -0.122456074 0.989876151 -0.071761586 0.000075426 0.074565955 0.081277609 0.993898332 0.000650383
0.989549577 0.114637159 -0.087464571 0.000039256 -0.121033363 0.990055442 -0.071701929 0.000074960 0.078375071 0.081538737 0.993583798 0.000661539
0.989518046 0.113603309 -0.089153327 0.000039093 -0.120141737 0.990160465 -0.071752168 0.000077033 0.080124810 0.081711113 0.993430078 0.000640370
0.989445925 0.112687878 -0.091095433 0.000029923 -0.119394273 0.990243256 -0.071856156 0.000078681 0.082109302 0.081974044 0.993246377 0.000589676
0.989346266 0.111979216 -0.093030550 0.000034422 -0.118868619 0.990286231 -0.072134957 0.000078839 0.084049284 0.082424864 0.993046761 0.000620317
0.989252150 0.111388184 -0.094726339 0.000032323 -0.118432008 0.990326703 -0.072296806 0.000083082 0.085757032 0.082738392 0.992874682 0.000573440
0.989133120 0.111022003 -0.096383415 0.000040331 -0.118211210 0.990346968 -0.072381020 0.000080151 0.087417133 0.082988068 0.992709041 0.000628846
0.989013910 0.110548757 -0.098135918 0.000030147 -0.117874838 0.990394652 -0.072276890 0.000083248 0.089203171 0.083050609 0.992544889 0.000580557
0.988921940 0.109993860 -0.099674143 0.000027595 -0.117429033 0.990462899 -0.072068080 0.000084181 0.090796478 0.082974337 0.992406845 0.000546084
0.988839328 0.109424010 -0.101109773 0.000044551 -0.116958976 0.990533769 -0.071857341 0.000078116 0.092289731 0.082881048 0.992276847 0.000618904
0.988785446 0.108462617 -0.102661625 0.000032496 -0.116095208 0.990658820 -0.071534030 0.000080006 0.093943864 0.082650319 0.992140830 0.000606911
0.988727272 0.107353158 -0.104372762 0.000035206 -0.115096681 0.990797520 -0.071225353 0.000083407 0.095766015 0.082435414 0.991984487 0.000606899
0.988645375 0.106317267 -0.106193356 0.000052962 -0.114196762 0.990911603 -0.071088180 0.000081233 0.097670302 0.082407944 0.991801083 0.000687024
0.988544703 0.105023183 -0.108394958 0.000027161 -0.113067046 0.991052508 -0.070929319 0.000085857 0.099975884 0.082372703 0.991574228 0.000593963
0.988356650 0.104180932 -0.110893548 0.000053090 -0.112441398 0.991116345 -0.071030192 0.000081782 0.102508418 0.082672194 0.991290748 0.000678353
0.988137960 0.103119172 -0.113797605 0.000012575 -0.111639328 0.991193831 -0.071213998 0.000087808 0.105451964 0.083073542 0.990948439 0.000559375
0.987817287 0.102541320 -0.117057204 0.000014017 -0.111350909 0.991215527 -0.071365461 0.000089496 0.108710997 0.083530471 0.990557730 0.000564057
0.987552941 0.096752390 -0.124009326 0.000105175 -0.106530599 0.991492331 -0.074795738 0.000103211 0.115717627 0.087075531 0.989458025 0.000757328
0.985972881 0.097194247 -0.135685921 0.000191438 -0.107796535 0.991482139 -0.073096007 0.000052243 0.127425656 0.086697154 0.988051772 0.000194217
0.984172642 0.097110473 -0.148235619 0.000004513 -0.108599186 0.991513312 -0.071467489 0.000078863 0.140037358 0.086434618 0.986366272 -0.000279328
0.983961046 0.096748717 -0.149867862 0.000001061 -0.108374402 0.991540194 -0.071435869 0.000079035 0.141688704 0.086531952 0.986121953 -0.000294681
0.983703732 0.096721701 -0.151564717 -0.000026208 -0.108466692 0.991545260 -0.071224630 0.000084681 0.143394366 0.086503655 0.985877812 -0.000363032
0.983421743 0.096650541 -0.153428867 -0.000038771 -0.108578958 0.991523683 -0.071352877 0.000100401 0.145232067 0.086829111 0.985580206 -0.000421684
0.983072937 0.096655309 -0.155644774 0.000047193 -0.108842529 0.991465092 -0.071764611 0.000083654 0.147379935 0.087490603 0.985202849 -0.000115225
0.982745945 0.096282631 -0.157923803 0.000099602 -0.108797237 0.991409600 -0.072595276 0.000086685 0.149577528 0.088524379 0.984779179 0.000041796
0.982380390 0.095899008 -0.160412431 0.000157698 -0.108790271 0.991336823 -0.073592842 0.000085835 0.151965275 0.089747481 0.984302819 0.000222461
0.981762409 0.093459979 -0.165552646 0.000160446 -0.107155383 0.991348147 -0.075805180 0.000059358 0.157035574 0.092162527 0.983283222 0.000279234
0.981212080 0.092649728 -0.169229820 0.000205906 -0.106870569 0.991291881 -0.076935537 0.000059334 0.160628080 0.093575783 0.982569218 0.000425794
0.981046021 0.092706189 -0.170159429 0.000191985 -0.106989749 0.991291940 -0.076769046 0.000061163 0.161560714 0.093519278 0.982421756 0.000399747
0.980925560 0.092458263 -0.170986831 0.000199004 -0.106833905 0.991301656 -0.076860256 0.000060577 0.162393168 0.093661383 0.982270896 0.000418419
0.980773091 0.091952838 -0.172130167 0.000169296 -0.106394105 0.991367161 -0.076625012 0.000060510 0.163598314 0.093465395 0.982089460 0.000375536
0.979834676 0.091292836 -0.177734688 0.000143582 -0.106084853 0.991481662 -0.075564541 0.000065605 0.169322193 0.092895702 0.981172979 0.000217845
0.979026079 0.091268159 -0.182148471 0.000144683 -0.106486768 0.991437554 -0.075579241 0.000064260 0.173690856 0.093390428 0.980362058 0.000260202
0.978012562 0.091256142 -0.187519908 0.000139776 -0.106933050 0.991415203 -0.075240761 0.000065642 0.179043934 0.093638480 0.979374945 0.000246932
0.976878464 0.091079630 -0.193424046 0.000139152 -0.107246660 0.991414189 -0.074806258 0.000071219 0.184950024 0.093820713 0.978259265 0.000231336
0.975706637 0.090513311 -0.199509010 0.000149411 -0.107143961 0.991472304 -0.074180238 0.000068597 0.191093385 0.093754321 0.977084100 0.000224687
0.974640071 0.089545652 -0.205081284 0.000128122 -0.106557555 0.991590142 -0.073447309 0.000074514 0.196779683 0.093437642 0.975985229 0.000151787
0.973672807 0.088669196 -0.209997654 0.000120366 -0.105998270 0.991702616 -0.072734945 0.000074728 0.201805860 0.093079425 0.974992692 0.000093836
0.972833872 0.087770149 -0.214221075 0.000100667 -0.105378613 0.991808355 -0.072190508 0.000082520 0.206130102 0.092803687 0.974113941 -0.000050615
0.972041667 0.086747311 -0.218197048 0.000078055 -0.104638040 0.991915107 -0.071800083 0.000088441 0.210204527 0.092624374 0.973259926 -0.000154841
0.971202791 0.085755721 -0.222286046 -0.000000645 -0.103916749 0.992026031 -0.071315035 0.000114568 0.214397848 0.092360608 0.972369909 -0.000466660
0.970251799 0.085060619 -0.226662859 -0.000024850 -0.103543706 0.992093205 -0.070922129 0.000123712 0.218838006 0.092281833 0.971387684 -0.000580472
0.969187260 0.084734134 -0.231292546 -0.000038837 -0.103584647 0.992112458 -0.070590824 0.000126651 0.223486781 0.092374086 0.970319808 -0.000629644
0.968029141 0.084523037 -0.236168534 -0.000030601 -0.103741631 0.992127299 -0.070150316 0.000119206 0.228379935 0.092408031 0.969176710 -0.000626719
0.966827929 0.084967621 -0.240882039 0.000012759 -0.104556940 0.992071986 -0.069721237 0.000086575 0.233048290 0.092594333 0.968046904 -0.000314784
0.965686440 0.081736915 -0.246513367 0.000065958 -0.102107771 0.992236674 -0.070997119 0.000174918 0.238796517 0.093731895 0.966535330 -0.000056855
0.960279286 0.080804646 -0.267084599 0.000309781 -0.103569470 0.991994321 -0.072253838 0.000059665 0.259107947 0.097045675 0.960960627 0.000480978
0.956296861 0.079504766 -0.281381130 0.000090189 -0.103955269 0.991896510 -0.073038295 -0.000049463 0.273294061 0.099097356 0.956812441 0.000126832
0.952736497 0.079110682 -0.293316603 -0.000204058 -0.105952732 0.991404116 -0.076757997 0.000010434 0.284722894 0.104207836 0.952928901 -0.000986497
0.951583922 0.080211215 -0.296739489 -0.000210826 -0.107469574 0.991246045 -0.076691039 0.000006672 0.287990391 0.104868405 0.951874018 -0.000952419
0.950959206 0.080384769 -0.298688710 -0.000034858 -0.107968852 0.991167843 -0.077000484 -0.000005517 0.289860964 0.105473399 0.951239169 -0.000296238
0.950443983 0.080406301 -0.300318301 0.000022275 -0.108255625 0.991117239 -0.077247493 -0.000022830 0.291439503 0.105930567 0.950705886 -0.000104480
0.949907362 0.080632336 -0.301951319 0.000051137 -0.108782940 0.991033912 -0.077576503 -0.000050263 0.292988777 0.106537640 0.950161755 0.000101085
0.949425519 0.080355369 -0.303535998 0.000043748 -0.108806118 0.990999222 -0.077984817 -0.000045398 0.294537455 0.107067369 0.949623168 0.000047829
0.948322654 0.079227418 -0.307257384 -0.000091703 -0.108706661 0.990847886 -0.080019794 0.000026410 0.298105627 0.109285504 0.948256135 -0.000629299
0.944636583 0.080306031 -0.318139553 -0.000395114 -0.111157447 0.990576863 -0.080009229 -0.000128963 0.308716416 0.110943213 0.944661736 -0.000584841
0.938444972 0.078322172 -0.336432397 0.000018300 -0.112873986 0.990020633 -0.084371984 -0.000200126 0.326466769 0.117152922 0.937920392 0.001241626
0.934217393 0.079809085 -0.347661376 0.000296165 -0.115769990 0.989727199 -0.083889417 0.000022874 0.337394774 0.118619710 0.933859825 0.000727684
0.930498481 0.074451014 -0.358649850 -0.000044528 -0.112278856 0.989965796 -0.085797757 0.000021784 0.348663330 0.120103471 0.929520905 -0.000295954
0.924227118 0.070859343 -0.375210762 -0.000029692 -0.109913252 0.990410745 -0.083699562 -0.000072078 0.365681827 0.118598036 0.923152864 -0.000253760
0.918151855 0.069126844 -0.390152067 -0.000041779 -0.110917427 0.990137041 -0.085592270 -0.000246780 0.380387306 0.121861376 0.916763544 0.000342280
0.910546660 0.066408582 -0.408037573 0.000112804 -0.112557925 0.989549398 -0.090125740 -0.000069369 0.397788256 0.127991572 0.908505797 0.000493290
0.904722571 0.062612660 -0.421374768 0.000026275 -0.111382701 0.989499152 -0.092115834 -0.000229788 0.411182344 0.130273104 0.902196229 0.000543454
0.897918224 0.054472841 -0.436778724 0.000091664 -0.107227542 0.989488363 -0.097031608 -0.000253426 0.426901758 0.133961156 0.894320607 0.000734741
0.896998584 0.053427596 -0.438792646 0.000114654 -0.106690191 0.989488482 -0.097620033 -0.000263724 0.428964704 0.134379894 0.893270016 0.000892845
0.896026313 0.052541360 -0.440881312 0.000113644 -0.106249608 0.989496887 -0.098014884 -0.000260902 0.431100816 0.134667352 0.892197788 0.000958496
0.893822372 0.052186850 -0.445374072 0.000056968 -0.106828690 0.989390075 -0.098462708 -0.000234439 0.435510188 0.135586888 0.889914036 0.000826487
0.892713249 0.052459724 -0.447561294 -0.000109167 -0.107954107 0.989175797 -0.099383399 -0.000421659 0.437503189 0.137036949 0.888713598 0.001372812
0.884886980 0.044077698 -0.463715523 -0.000218588 -0.102165498 0.989638031 -0.100889355 -0.000450013 0.454463542 0.136651412 0.880221069 0.001175020
0.876384914 0.040786706 -0.479881078 0.000075572 -0.102646537 0.989332020 -0.103372023 -0.000312007 0.470545560 0.139851794 0.871222317 0.001291361
0.869626880 0.032724928 -0.492623806 0.000007798 -0.097706571 0.989473522 -0.106750555 -0.000070026 0.483944654 0.140965745 0.863670230 -0.000052179
0.863607228 0.030535417 -0.503239632 -0.000025262 -0.097026780 0.989571452 -0.106462397 -0.000068806 0.494740635 0.140769407 0.857563794 -0.000092995
0.862778008 0.029821996 -0.504702568 -0.000037452 -0.096812986 0.989531279 -0.107030101 -0.000074024 0.496226966 0.141204998 0.856632948 -0.000051212
0.861983240 0.028876768 -0.506113768 0.000021661 -0.096796803 0.989382625 -0.108408600 0.000135184 0.497609675 0.142436594 0.855626225 -0.000334866
0.861210167 0.027832108 -0.507486522 0.000018829 -0.096652634 0.989247024 -0.109767318 0.000191071 0.498974413 0.143582657 0.854639471 -0.000373891
0.860547245 0.026994731 -0.508654833 0.000034910 -0.096448541 0.989165545 -0.110676825 0.000191290 0.500156105 0.144301653 0.853827238 -0.000320321
0.859401882 0.027375290 -0.510567188 0.000036334 -0.097215489 0.989098668 -0.110603228 0.000184672 0.501973510 0.144687682 0.852694571 -0.000309037
0.857571542 0.028842162 -0.513555586 0.000027735 -0.098858483 0.989054859 -0.109534025 0.000176891 0.504775286 0.144702569 0.851036489 -0.000349171
0.856395066 0.030066749 -0.515445054 0.000022683 -0.100240380 0.988990545 -0.108856760 0.000193401 0.506497264 0.144892797 0.849980414 -0.000306873
0.854818642 0.030267758 -0.518043458 0.000015874 -0.100642592 0.989012539 -0.108284406 0.000193842 0.509073853 0.144700766 0.848472476 -0.000361642
0.853272796 0.030790471 -0.520554900 -0.000046407 -0.100966819 0.989119709 -0.106995113 -0.000078454 0.511596680 0.143854782 0.847097874 0.000201999
0.849987328 0.029858489 -0.525956273 -0.000036453 -0.100258298 0.989313602 -0.105862252 -0.000082793 0.517174780 0.142713070 0.843897700 0.000196251
0.846987069 0.028114149 -0.530869603 -0.000002026 -0.098489083 0.989612043 -0.104727991 -0.000085187 0.522410631 0.140988097 0.840957522 0.000121843
0.844694316 0.026898343 -0.534572721 0.000283783 -0.097405910 0.989784360 -0.104110628 0.000033063 0.526311278 0.140012175 0.838685393 -0.000212569
0.834937990 0.030607473 -0.549492359 -0.000025873 -0.100175738 0.990224719 -0.097057395 0.000168554 0.541150153 0.136082694 0.829842210 -0.000056766
0.825617909 0.027003387 -0.563583016 -0.000005197 -0.094784096 0.991297185 -0.091356680 -0.000031689 0.556211352 0.128844410 0.820992172 0.000135264
0.817351818 0.025063213 -0.575593472 0.000020976 -0.094788142 0.991289318 -0.091436699 -0.000054559 0.568287969 0.129295394 0.812607825 0.000536770
0.809189379 0.019214850 -0.587233603 0.000020977 -0.092357695 0.991199732 -0.094832987 -0.000296323 0.580243528 0.130973399 0.803842902 0.000933998
0.808260202 0.018841488 -0.588524103 -0.000000753 -0.092638165 0.991109848 -0.095496126 -0.000245432 0.581492662 0.131705493 0.802819967 0.000848824
0.807119787 0.018666878 -0.590092599 0.000006263 -0.093180068 0.991000473 -0.096101157 -0.000197810 0.582988203 0.132550001 0.801595390 0.000807690
0.804160178 0.017550843 -0.594153464 -0.000034342 -0.093254671 0.990911245 -0.096945271 -0.000175359 0.587051928 0.133367106 0.798488081 0.000761521
0.800276875 0.016467310 -0.599404454 -0.000040733 -0.093249254 0.990879357 -0.097276755 -0.000133774 0.592335582 0.133742362 0.794513404 0.000471040
0.798146248 0.016180025 -0.602246463 -0.000042535 -0.093432605 0.990869224 -0.097203732 -0.000150084 0.595174730 0.133852258 0.792370260 0.000468865
0.793900967 0.015149835 -0.607858300 -0.000056428 -0.093276381 0.990891337 -0.097128518 -0.000118049 0.600849986 0.133809268 0.788082719 0.000434732
0.791824818 0.014580909 -0.610574126 -0.000054583 -0.093024626 0.990929961 -0.096975192 -0.000165438 0.603622317 0.133585796 0.785999417 0.000470531
0.788016319 0.012783818 -0.615521729 -0.000059755 -0.091886021 0.991028488 -0.097053520 -0.000153708 0.608758926 0.133037582 0.782121241 0.000453095
0.784334302 0.010740435 -0.620245337 -0.000086092 -0.090491116 0.991135836 -0.097268060 -0.000000153 0.613702655 0.132417381 0.778353751 0.000209626
0.778685153 0.008717297 -0.627354264 -0.000072857 -0.088761717 0.991377234 -0.096397378 -0.000024590 0.621104479 0.130748272 0.772744536 0.000321085
0.776792824 0.007905085 -0.629706740 -0.000069925 -0.088054389 0.991461873 -0.096175618 -0.000032634 0.623569846 0.130156964 0.770856559 0.000352546
0.774798214 0.007098836 -0.632168710 -0.000044776 -0.087390333 0.991540313 -0.095972970 -0.000017282 0.626139462 0.129605100 0.768864095 0.000225625
0.772640407 0.006266985 -0.634812891 -0.000114223 -0.086808428 0.991601646 -0.095866583 -0.000011384 0.628880799 0.129177526 0.766695559 0.000557259
0.770464957 0.004880664 -0.637463748 -0.000114985 -0.085544035 0.991718054 -0.095799044 -0.000028429 0.631716847 0.128341019 0.764501452 0.000510665
0.768355787 0.004084486 -0.640009940 -0.000079214 -0.084859841 0.991801023 -0.095547847 -0.000042121 0.634372234 0.127725884 0.762402773 0.000414303
0.766378284 0.003231299 -0.642381251 -0.000072743 -0.084099405 0.991885543 -0.095343515 -0.000073477 0.636860669 0.127093107 0.760431290 0.000419483
0.764566779 0.002539089 -0.644539535 -0.000055071 -0.083479829 0.991959453 -0.095117882 -0.000131033 0.639115691 0.126530021 0.758631229 0.000407210
0.763110638 0.002794323 -0.646261811 -0.000030143 -0.083974741 0.991941631 -0.094869018 -0.000062136 0.640788972 0.126665235 0.757195890 0.000271690
0.760514021 0.001823141 -0.649318993 -0.000053842 -0.083694763 0.991929591 -0.095242269 -0.000072322 0.643905044 0.126777679 0.754528821 0.000320368
0.759358048 0.001016209 -0.650672138 -0.000048286 -0.083480917 0.991886437 -0.095876135 -0.000068923 0.645295620 0.127123043 0.753281713 0.000337593
0.758173347 0.000072438 -0.652053058 -0.000119059 -0.083254337 0.991826117 -0.096693620 -0.000093019 0.646716297 0.127596766 0.751982033 0.000484427
0.756645024 -0.001109906 -0.653825045 -0.000065591 -0.082905389 0.991763949 -0.097626597 -0.000105594 0.648548424 0.128074288 0.750321209 0.000500294
0.753390908 -0.002566414 -0.657567978 -0.000088708 -0.082728624 0.991676986 -0.098654501 -0.000089610 0.652348220 0.128725082 0.746908069 0.000520050
0.751654088 -0.003074503 -0.659550428 -0.000140049 -0.082657263 0.991666257 -0.098822683 -0.000093157 0.654357672 0.128797114 0.745135725 0.000608338
0.749032199 -0.008283164 -0.662481904 0.000221712 -0.079099320 0.991651893 -0.101832159 0.000296195 0.657794893 0.128677413 0.742123961 -0.000054496
0.735851049 -0.015211061 -0.676972687 0.000628648 -0.075930633 0.991588831 -0.104814790 0.000212349 0.672872901 0.128531009 0.728506565 0.000187340
0.731354177 -0.015731072 -0.681816578 0.000544132 -0.076654159 0.991503000 -0.105099782 0.000181017 0.677676499 0.129129231 0.723933935 0.000196980
0.728792369 -0.016909519 -0.684526086 0.000324340 -0.075470217 0.991620660 -0.104846172 -0.000368769 0.680563033 0.128072396 0.721409321 0.000303846
0.722559035 -0.017448286 -0.691089213 0.000326620 -0.076361865 0.991549551 -0.104873292 -0.000354955 0.687078893 0.128549993 0.715120554 0.000307712
0.718999088 -0.017666912 -0.694786549 0.000362614 -0.076663345 0.991560578 -0.104548231 -0.000366899 0.690769911 0.128434747 0.711576700 0.000264109
0.715433836 -0.017785732 -0.698454261 0.000379873 -0.076805465 0.991615236 -0.103923552 -0.000380728 0.694446146 0.127995491 0.708068907 0.000218354
0.708739460 -0.017684113 -0.705248833 0.000458838 -0.077062219 0.991762877 -0.102312095 -0.000412617 0.701248884 0.126860633 0.701538563 0.000076112
0.705610096 -0.016887821 -0.708399177 0.000745045 -0.078641623 0.991673827 -0.101972923 0.000240712 0.704222977 0.127662763 0.698406875 -0.000381894
0.700310469 -0.016917419 -0.713638067 0.000729579 -0.078759857 0.991784334 -0.100800112 0.000272484 0.709480226 0.126797378 0.693224430 -0.000434228
