1.000000000 0.000000000 0.000000000 0.000000000 0.000000000 1.000000000 0.000000000 0.000000000 0.000000000 0.000000000 1.000000000 0.000000000
1.000000000 -0.000074345 -0.000134668 0.000234662 0.000074355 1.000000000 0.000073586 -0.000283581 0.000134663 -0.000073596 1.000000000 -0.000466194
0.999999940 -0.000038515 -0.000250742 0.000368095 0.000038547 1.000000000 0.000131074 -0.000400965 0.000250737 -0.000131083 0.999999940 -0.000818281
1.000000000 -0.000044098 -0.000225185 0.000363903 0.000044156 0.999999940 0.000258738 -0.000486829 0.000225173 -0.000258747 0.999999940 -0.000536456
1.000000000 -0.000035646 -0.000132694 0.000466316 0.000035670 1.000000000 0.000183889 -0.000477631 0.000132688 -0.000183894 1.000000000 -0.000629188
1.000000000 -0.000007521 -0.000111768 0.000437193 0.000007543 1.000000000 0.000197053 -0.000405844 0.000111767 -0.000197054 1.000000000 -0.000562945
1.000000000 0.000008617 0.000001185 0.000413125 -0.000008617 1.000000000 0.000126176 -0.000443408 -0.000001184 -0.000126176 1.000000000 -0.000706795
1.000000000 -0.000039244 0.000016427 0.000539653 0.000039242 1.000000000 0.000132966 -0.000579172 -0.000016432 -0.000132966 1.000000000 -0.000934685
1.000000000 -0.000034446 -0.000127631 0.000340239 0.000034473 1.000000000 0.000210338 -0.000444065 0.000127624 -0.000210343 0.999999940 -0.000560167
1.000000000 -0.000051522 -0.000073900 0.000508979 0.000051536 1.000000000 0.000198404 -0.000495793 0.000073890 -0.000198408 1.000000000 -0.000563085
1.000000000 -0.000024164 -0.000120295 0.000356474 0.000024191 1.000000000 0.000218738 -0.000452472 0.000120290 -0.000218741 0.999999940 -0.000617555
1.000000000 0.000020888 -0.000119813 0.000350978 -0.000020859 1.000000000 0.000237742 -0.000403839 0.000119818 -0.000237740 0.999999940 -0.000532692
1.000000000 -0.000047402 -0.000096886 0.000387184 0.000047419 1.000000000 0.000174092 -0.000444530 0.000096878 -0.000174096 1.000000000 -0.000698136
1.000000000 -0.000031822 -0.000064863 0.000440248 0.000031835 1.000000000 0.000196774 -0.000480487 0.000064857 -0.000196776 1.000000000 -0.000664328
1.000000000 -0.000037028 0.000018959 0.000428980 0.000037024 1.000000000 0.000182071 -0.000440995 -0.000018966 -0.000182071 1.000000000 -0.000678312
1.000000000 0.000000386 -0.000040700 0.000330309 -0.000000378 1.000000000 0.000189998 -0.000430021 0.000040700 -0.000189998 1.000000000 -0.000677258
1.000000000 -0.000034204 -0.000121861 0.000442515 0.000034228 1.000000000 0.000192411 -0.000465712 0.000121854 -0.000192415 1.000000000 -0.000642549
1.000000000 -0.000050760 -0.000164103 0.000550988 0.000050806 0.999999940 0.000278217 -0.000431690 0.000164089 -0.000278226 0.999999940 -0.000424641
1.000000000 -0.000060152 0.000002369 0.000504045 0.000060151 1.000000000 0.000139668 -0.000381837 -0.000002377 -0.000139668 1.000000000 -0.000777631
1.000000000 -0.000013821 -0.000008771 0.000376579 0.000013823 1.000000000 0.000213667 -0.000428445 0.000008768 -0.000213667 1.000000000 -0.000605331
1.000000000 -0.000041647 -0.000007451 0.000404468 0.000041648 1.000000000 0.000131120 -0.000466506 0.000007446 -0.000131120 1.000000000 -0.000735732
1.000000000 -0.000035740 -0.000044898 0.000386297 0.000035750 1.000000000 0.000221272 -0.000429346 0.000044890 -0.000221274 1.000000000 -0.000613860
1.000000000 -0.000009694 0.000036288 0.000344251 0.000009687 1.000000000 0.000178195 -0.000477816 -0.000036290 -0.000178195 1.000000000 -0.000705810
1.000000000 0.000024197 -0.000000275 0.000291275 -0.000024197 1.000000000 0.000215286 -0.000478218 0.000000280 -0.000215286 1.000000000 -0.000740345
1.000000000 0.000026983 0.000010688 0.000453223 -0.000026985 1.000000000 0.000223030 -0.000484736 -0.000010682 -0.000223030 1.000000000 -0.000694657
1.000000000 -0.000018968 -0.000019248 0.000403759 0.000018972 1.000000000 0.000191966 -0.000484822 0.000019244 -0.000191967 1.000000000 -0.000711338
1.000000000 -0.000013415 -0.000055523 0.000422111 0.000013427 1.000000000 0.000201586 -0.000379244 0.000055521 -0.000201586 1.000000000 -0.000520697
1.000000000 -0.000006640 -0.000106870 0.000346526 0.000006666 1.000000000 0.000240096 -0.000384699 0.000106869 -0.000240096 0.999999940 -0.000591081
1.000000000 -0.000016880 -0.000168607 0.000384092 0.000016922 0.999999940 0.000253791 -0.000451596 0.000168603 -0.000253793 0.999999940 -0.000530487
1.000000000 -0.000021621 -0.000157447 0.000375210 0.000021661 0.999999940 0.000251994 -0.000353571 0.000157441 -0.000251997 0.999999940 -0.000411086
1.000000000 0.000001189 -0.000171310 0.000434906 -0.000001139 0.999999940 0.000288392 -0.000343772 0.000171310 -0.000288392 0.999999940 -0.000409154
0.999999940 -0.000035666 -0.000285845 0.000393558 0.000035756 0.999999940 0.000313761 -0.000396277 0.000285834 -0.000313772 0.999999881 -0.000458270
1.000000000 -0.000065818 -0.000152067 0.000441045 0.000065853 1.000000000 0.000225495 -0.000407486 0.000152053 -0.000225505 0.999999940 -0.000567820
0.999999940 -0.000032185 -0.000262246 0.000386398 0.000032274 0.999999940 0.000337118 -0.000376515 0.000262235 -0.000337126 0.999999881 -0.000389490
1.000000000 -0.000028757 -0.000207125 0.000412233 0.000028816 0.999999940 0.000288837 -0.000333109 0.000207117 -0.000288843 0.999999940 -0.000552869
0.999999940 0.000018644 -0.000313354 0.000285242 -0.000018511 0.999999881 0.000423758 -0.000269038 0.000313362 -0.000423752 0.999999881 -0.000114523
0.999999940 0.000049095 -0.000341185 0.000367909 -0.000048941 0.999999881 0.000449958 -0.000257147 0.000341207 -0.000449942 0.999999821 -0.000091735
1.000000000 0.000113238 -0.000198205 0.000319992 -0.000113146 0.999999881 0.000465336 -0.000255101 0.000198258 -0.000465314 0.999999881 -0.000018887
0.999999881 0.000053353 -0.000444006 0.000397845 -0.000053098 0.999999821 0.000576000 -0.000197110 0.000444037 -0.000575976 0.999999762 0.000095915
0.999999940 0.000068149 -0.000381417 0.000384667 -0.000067953 0.999999881 0.000514844 -0.000346845 0.000381452 -0.000514818 0.999999821 0.000009143
0.999999940 0.000107018 -0.000371372 0.000295629 -0.000106792 0.999999821 0.000609574 -0.000329478 0.000371437 -0.000609534 0.999999762 0.000048667
0.999999940 0.000102393 -0.000373031 0.000356902 -0.000102173 0.999999821 0.000590438 -0.000226202 0.000373091 -0.000590400 0.999999762 0.000061774
0.999999940 0.000099837 -0.000375297 0.000337427 -0.000099619 0.999999821 0.000581330 -0.000257435 0.000375355 -0.000581292 0.999999762 0.000118904
0.999999940 0.000084562 -0.000386633 0.000386111 -0.000084330 0.999999821 0.000599370 -0.000216468 0.000386683 -0.000599337 0.999999762 0.000169133
0.999999940 0.000081489 -0.000382938 0.000393782 -0.000081265 0.999999821 0.000585948 -0.000270890 0.000382985 -0.000585917 0.999999762 0.000142352
0.999999940 0.000080110 -0.000363911 0.000354746 -0.000079890 0.999999821 0.000603223 -0.000193303 0.000363959 -0.000603194 0.999999762 0.000070013
0.999999940 0.000100270 -0.000369752 0.000351568 -0.000100051 0.999999821 0.000592970 -0.000247161 0.000369812 -0.000592933 0.999999762 0.000055504
0.999999940 0.000095412 -0.000370405 0.000340510 -0.000095195 0.999999821 0.000587454 -0.000198045 0.000370461 -0.000587419 0.999999762 0.000083689
0.999999940 0.000081773 -0.000381312 0.000418810 -0.000081536 0.999999821 0.000622026 -0.000183367 0.000381363 -0.000621995 0.999999762 0.000152369
0.999999940 0.000072607 -0.000368678 0.000358774 -0.000072387 0.999999821 0.000596459 -0.000204914 0.000368721 -0.000596432 0.999999762 0.000161508
0.999999940 0.000091992 -0.000370288 0.000357146 -0.000091762 0.999999821 0.000619089 -0.000213037 0.000370345 -0.000619055 0.999999762 0.000094247
0.999999940 0.000099834 -0.000353794 0.000258746 -0.000099611 0.999999821 0.000629394 -0.000191752 0.000353857 -0.000629359 0.999999762 0.000145717
0.999999940 0.000092017 -0.000354313 0.000353436 -0.000091801 0.999999821 0.000609126 -0.000212263 0.000354369 -0.000609093 0.999999762 0.000195508
0.999999940 0.000099230 -0.000362622 0.000331288 -0.000098999 0.999999821 0.000635134 -0.000243827 0.000362685 -0.000635098 0.999999762 0.000214653
0.999999940 0.000086929 -0.000364028 0.000374150 -0.000086703 0.999999821 0.000622073 -0.000151280 0.000364082 -0.000622041 0.999999762 0.000236137
0.999999940 0.000107966 -0.000359176 0.000308665 -0.000107738 0.999999821 0.000635492 -0.000239616 0.000359244 -0.000635454 0.999999762 0.000106836
0.999999940 0.000088164 -0.000370090 0.000413020 -0.000087928 0.999999762 0.000640020 -0.000174131 0.000370146 -0.000639987 0.999999702 0.000173663
0.999999940 0.000069131 -0.000354694 0.000306575 -0.000068911 0.999999821 0.000621242 -0.000195327 0.000354737 -0.000621217 0.999999762 0.000171014
0.999999940 0.000074393 -0.000356564 0.000345594 -0.000074168 0.999999821 0.000630239 -0.000164823 0.000356611 -0.000630212 0.999999762 0.000234940
0.999999940 0.000076573 -0.000360045 0.000323932 -0.000076345 0.999999821 0.000631866 -0.000169381 0.000360093 -0.000631838 0.999999762 0.000242814
0.999999940 0.000088499 -0.000352011 0.000323442 -0.000088274 0.999999821 0.000638603 -0.000194912 0.000352067 -0.000638572 0.999999762 0.000183626
0.999999940 0.000072958 -0.000355059 0.000370135 -0.000072734 0.999999821 0.000632325 -0.000174078 0.000355105 -0.000632300 0.999999762 0.000213889
0.999999940 0.000084513 -0.000351654 0.000320582 -0.000084288 0.999999821 0.000640154 -0.000209471 0.000351708 -0.000640124 0.999999762 0.000186308
0.999999940 0.000082545 -0.000353037 0.000315448 -0.000082319 0.999999821 0.000638464 -0.000140431 0.000353090 -0.000638435 0.999999762 0.000278408
0.999999940 0.000086148 -0.000353915 0.000305884 -0.000085920 0.999999762 0.000642010 -0.000180508 0.000353970 -0.000641979 0.999999702 0.000144256
0.999999940 0.000072378 -0.000347874 0.000298451 -0.000072156 0.999999821 0.000636644 -0.000186566 0.000347920 -0.000636619 0.999999762 0.000245533
0.999999940 0.000097319 -0.000351021 0.000328092 -0.000097091 0.999999762 0.000650505 -0.000170715 0.000351084 -0.000650470 0.999999702 0.000241504
0.999999940 0.000088969 -0.000350121 0.000366250 -0.000088745 0.999999821 0.000639655 -0.000096687 0.000350177 -0.000639623 0.999999762 0.000295907
0.999999940 0.000091129 -0.000359267 0.000319141 -0.000090898 0.999999762 0.000643686 -0.000173889 0.000359325 -0.000643653 0.999999702 0.000175639
0.999999940 0.000079807 -0.000357301 0.000414405 -0.000079574 0.999999762 0.000653283 -0.000174307 0.000357353 -0.000653255 0.999999702 0.000255703
0.999999940 0.000087934 -0.000352900 0.000327863 -0.000087706 0.999999762 0.000646878 -0.000149411 0.000352957 -0.000646847 0.999999702 0.000218730
0.999999940 0.000093517 -0.000354263 0.000316110 -0.000093284 0.999999762 0.000657805 -0.000168076 0.000354324 -0.000657772 0.999999702 0.000279000
0.999999940 0.000097737 -0.000354757 0.000266507 -0.000097506 0.999999762 0.000652943 -0.000141143 0.000354821 -0.000652908 0.999999702 0.000247939
0.999999940 0.000081746 -0.000352796 0.000357667 -0.000081517 0.999999762 0.000649075 -0.000170929 0.000352849 -0.000649046 0.999999702 0.000241328
0.999999940 0.000076964 -0.000352417 0.000351052 -0.000076733 0.999999762 0.000655557 -0.000129138 0.000352467 -0.000655530 0.999999702 0.000220440
0.999999940 0.000094189 -0.000367204 0.000419271 -0.000093949 0.999999762 0.000653685 -0.000134070 0.000367265 -0.000653650 0.999999702 0.000275513
0.999999940 0.000086745 -0.000357726 0.000338154 -0.000086509 0.999999762 0.000660931 -0.000103854 0.000357783 -0.000660900 0.999999702 0.000281181
0.999999940 0.000101455 -0.000350502 0.000316531 -0.000101222 0.999999762 0.000663105 -0.000138729 0.000350569 -0.000663070 0.999999702 0.000258820
0.999999940 0.000109257 -0.000366089 0.000483135 -0.000109014 0.999999762 0.000665128 -0.000178760 0.000366162 -0.000665088 0.999999702 0.000195429
0.999999940 0.000082633 -0.000360352 0.000370830 -0.000082391 0.999999762 0.000670456 -0.000124774 0.000360407 -0.000670426 0.999999702 0.000273525
0.999999940 0.000086995 -0.000353083 0.000292110 -0.000086758 0.999999762 0.000671157 -0.000123301 0.000353142 -0.000671126 0.999999702 0.000250317
0.999999940 0.000099493 -0.000352929 0.000386687 -0.000099261 0.999999762 0.000657687 -0.000086795 0.000352994 -0.000657652 0.999999702 0.000297719
0.999999940 0.000084866 -0.000275166 0.000384237 -0.000084683 0.999999762 0.000664985 -0.000122729 0.000275223 -0.000664962 0.999999762 0.000419171
0.999999702 -0.000043093 -0.000738996 0.000207484 0.000043179 1.000000000 0.000116615 -0.000763417 0.000738991 -0.000116647 0.999999702 0.001469207
1.000000000 -0.000048227 0.000162113 0.000767291 0.000048308 0.999999881 -0.000496075 -0.001540370 -0.000162089 0.000496083 0.999999881 0.008016991
0.999999940 0.000023525 -0.000256591 0.000551745 -0.000023719 0.999999702 -0.000754090 -0.001941353 0.000256573 0.000754096 0.999999702 0.022900669
0.999999464 0.000366324 0.000948616 0.000056364 -0.000366022 0.999999881 -0.000318193 -0.002198733 -0.000948732 0.000317846 0.999999523 0.051903542
0.999999702 0.000484614 0.000563086 -0.000435515 -0.000485274 0.999999225 0.001171306 -0.002724769 -0.000562518 -0.001171579 0.999999166 0.084356703
0.999999762 0.000095247 0.000702607 -0.000581743 -0.000096141 0.999999166 0.001272715 -0.003413362 -0.000702485 -0.001272782 0.999998927 0.119809553
0.999997914 -0.001327356 0.001557472 -0.000475286 0.001323872 0.999996603 0.002235981 -0.004325862 -0.001560434 -0.002233915 0.999996305 0.165566251
0.999988377 -0.000853596 0.004739943 -0.000845682 0.000840802 0.999996006 0.002700528 -0.003279550 -0.004742230 -0.002696512 0.999985099 0.206160218
0.999988258 -0.000766839 0.004783840 -0.001740133 0.000754347 0.999996305 0.002612721 -0.003539640 -0.004785826 -0.002609081 0.999985158 0.247913674
0.999988317 -0.000638187 0.004787097 -0.002341187 0.000613679 0.999986708 0.005119327 -0.006313573 -0.004790300 -0.005116330 0.999975443 0.302934766
0.999976635 -0.001176697 0.006733133 -0.003901148 0.001126616 0.999971688 0.007436836 -0.006004402 -0.006741694 -0.007429076 0.999949694 0.350108236
0.999966979 -0.000810173 0.008083925 -0.005496517 0.000739322 0.999961317 0.008763483 -0.005613054 -0.008090712 -0.008757217 0.999928951 0.415173680
0.999945045 0.000379764 0.010476677 -0.008817094 -0.000478533 0.999955475 0.009426705 -0.006601178 -0.010472630 -0.009431200 0.999900699 0.458857924
0.999940097 0.000060217 0.010942858 -0.009501601 -0.000155861 0.999961793 0.008739665 -0.007403224 -0.010941913 -0.008740848 0.999901950 0.507153451
0.999936640 0.000319505 0.011254016 -0.010518802 -0.000422727 0.999957860 0.009170801 -0.007702176 -0.011250612 -0.009174977 0.999894619 0.549300194
0.999921024 -0.000673850 0.012549251 -0.010227380 0.000548507 0.999949932 0.009988919 -0.010883462 -0.012555354 -0.009981247 0.999871373 0.595189989
0.999885559 0.000553936 0.015117796 -0.014870665 -0.000658666 0.999975801 0.006923493 -0.009458339 -0.015113595 -0.006932658 0.999861777 0.642351329
0.999891222 -0.000096897 0.014749713 -0.015282911 -0.000005619 0.999975860 0.006950167 -0.008519767 -0.014750030 -0.006949494 0.999867082 0.691443145
0.999849796 -0.000757490 0.017308056 -0.010715449 0.000642324 0.999977648 0.006658534 -0.010416479 -0.017312711 -0.006646418 0.999828041 0.766364515
0.999839067 -0.001195674 0.017899960 -0.012161838 0.001068019 0.999973893 0.007139424 -0.011163893 -0.017908029 -0.007119158 0.999814272 0.822630703
0.999813378 -0.001009983 0.019292077 -0.012901161 0.000895507 0.999981940 0.005941562 -0.011114633 -0.019297730 -0.005923177 0.999796271 0.895553231
0.999792218 0.000039174 0.020382132 -0.014089094 -0.000127068 0.999990702 0.004310992 -0.010819312 -0.020381777 -0.004312685 0.999782979 0.969822943
0.999756038 -0.000087643 0.022088163 -0.014165333 0.000020313 0.999995291 0.003048423 -0.013498805 -0.022088330 -0.003047231 0.999751389 1.038616300
0.999685407 -0.000917806 0.025065001 -0.014603158 0.000793637 0.999987364 0.004963401 -0.014115532 -0.025069237 -0.004941948 0.999673426 1.130447745
0.999689579 -0.001378262 0.024878640 -0.014429169 0.001230946 0.999981642 0.005935738 -0.014000781 -0.024886364 -0.005903271 0.999672830 1.212848306
0.999601364 -0.000865519 0.028219184 -0.013197996 0.000699895 0.999982536 0.005878535 -0.013173256 -0.028223775 -0.005856442 0.999584436 1.307851672
0.999578118 -0.001076829 0.029025290 -0.011379309 0.000900179 0.999980986 0.006098461 -0.016931931 -0.029031310 -0.006069759 0.999560058 1.409908414
0.999486625 -0.001724801 0.031992756 -0.011115201 0.001641448 0.999995172 0.002631451 -0.022903662 -0.031997144 -0.002577586 0.999484599 1.525339484
0.999418795 -0.004240250 0.033825260 -0.008058455 0.004064892 0.999977946 0.005251301 -0.019544309 -0.033846777 -0.005110752 0.999413967 1.613792300
0.999329507 -0.002637532 0.036517456 -0.009015746 0.002559177 0.999994397 0.002192277 -0.021498227 -0.036523029 -0.002097353 0.999330521 1.718911648
0.999289989 -0.002837844 0.037568938 -0.005014941 0.002790274 0.999995232 0.001318563 -0.025458440 -0.037572499 -0.001212799 0.999293089 1.809683323
0.999164939 -0.003103683 0.040741701 -0.004387371 0.003136390 0.999994755 -0.000738918 -0.025254624 -0.040739197 0.000866083 0.999169409 1.912780404
0.999071836 -0.003446472 0.042938363 -0.003886282 0.003333068 0.999990761 0.002712406 -0.024287689 -0.042947315 -0.002566772 0.999073982 2.007673979
0.999009192 0.000235234 0.044503193 -0.007884987 -0.000279412 0.999999404 0.000986483 -0.026797142 -0.044502940 -0.000997940 0.999008715 2.132333279
0.998838961 -0.000566757 0.048169896 -0.005453028 0.000431733 0.999995887 0.002813423 -0.031359430 -0.048171289 -0.002789360 0.998835206 2.233590841
0.998798788 -0.001100080 0.048987210 -0.003114238 0.000961042 0.999995410 0.002861704 -0.031018492 -0.048990130 -0.002811188 0.998795271 2.321433067
0.998707235 0.000152796 0.050829668 0.000481091 -0.000105343 0.999999523 -0.000936250 -0.033456642 -0.050829783 0.000929685 0.998706877 2.408246279
0.998719573 -0.002595032 0.050520796 0.006634705 0.002460529 0.999993205 0.002724345 -0.033114064 -0.050527524 -0.002596549 0.998719275 2.512140512
0.998538494 -0.000964518 0.054035611 0.006226316 0.000891953 0.999998689 0.001367016 -0.036573675 -0.054036856 -0.001316821 0.998538077 2.593970060
0.998576641 -0.002070912 0.053294130 0.009651542 0.001995059 0.999996901 0.001476458 -0.038049094 -0.053297013 -0.001368032 0.998577774 2.695624590
0.998535991 -0.001885392 0.054058656 0.005967215 0.001834787 0.999997795 0.000985729 -0.042682342 -0.054060400 -0.000885100 0.998537421 2.822517872
0.998550892 -0.002139608 0.053773977 0.009387597 0.002031475 0.999995828 0.002065453 -0.042256545 -0.053778175 -0.001953219 0.998551071 2.937707424
0.998645246 0.000376842 0.052032910 0.008785039 -0.000497128 0.999997258 0.002298802 -0.043755833 -0.052031893 -0.002321555 0.998642743 3.025699139
0.998759985 -0.000348378 0.049784061 0.010349840 0.000208290 0.999996006 0.002819076 -0.043131344 -0.049784843 -0.002805211 0.998756051 3.135447741
0.998949289 -0.001207144 0.045813456 0.009491399 0.001022036 0.999991238 0.004063671 -0.046033081 -0.045817960 -0.004012578 0.998941720 3.233212471
0.999193788 -0.000407678 0.040143862 0.011396959 0.000298882 0.999996245 0.002716110 -0.051475860 -0.040144823 -0.002701922 0.999190211 3.327589750
0.999372840 -0.001125075 0.035392426 0.010530762 0.000835204 0.999965966 0.008203905 -0.049934726 -0.035400450 -0.008169198 0.999339879 3.442263365
0.999480128 0.000821714 0.032230727 0.009515546 -0.000928288 0.999994099 0.003291763 -0.051623788 -0.032227837 -0.003319971 0.999475062 3.528057098
0.999686360 0.000238415 0.025042588 0.008526199 -0.000301270 0.999996841 0.002506176 -0.056798711 -0.025041912 -0.002512934 0.999683261 3.668012142
0.999779582 -0.000603616 0.020984177 0.009118371 0.000566861 0.999998331 0.001757482 -0.057758909 -0.020985201 -0.001745200 0.999778271 3.751104832
0.999839842 -0.000852436 0.017875567 0.007107947 0.000876796 0.999998748 -0.001354965 -0.056293059 -0.017874390 0.001370421 0.999839306 3.834297180
0.999929786 0.001507620 0.011754799 0.003050003 -0.001535454 0.999996126 0.002359231 -0.057438012 -0.011751198 -0.002377115 0.999928117 3.943765163
0.999978423 0.002027903 0.006247742 -0.002033893 -0.002035074 0.999997377 0.001141716 -0.060757115 -0.006245408 -0.001154406 0.999979913 4.044812202
0.999999642 0.000798713 0.000367831 -0.008075905 -0.000799230 0.999998689 0.001407358 -0.061417535 -0.000366705 -0.001407652 0.999998987 4.138360977
0.999996245 0.001656109 -0.002179578 -0.011793817 -0.001654489 0.999998331 0.000745432 -0.065854326 0.002180809 -0.000741823 0.999997318 4.243117332
0.999996483 0.002373582 -0.001180174 -0.015037360 -0.002375988 0.999995053 -0.002041719 -0.065669738 0.001175322 0.002044516 0.999997199 4.340700150
0.999983788 0.001007714 -0.005601793 -0.015985284 -0.001028105 0.999992788 -0.003638353 -0.067666665 0.005598086 0.003644053 0.999977708 4.450906277
0.999966443 0.002656857 -0.007747736 -0.022876622 -0.002673245 0.999994159 -0.002105583 -0.064280078 0.007742098 0.002126224 0.999967754 4.571361542
0.999952376 0.002532985 -0.009420082 -0.026209818 -0.002560035 0.999992609 -0.002860610 -0.067516163 0.009412767 0.002884590 0.999951482 4.668258190
0.999934077 -0.000181810 -0.011478019 -0.029162617 0.000152846 0.999996781 -0.002524299 -0.065685958 0.011478441 0.002522378 0.999930978 4.791483879
0.999914408 0.001504280 -0.012993225 -0.037797615 -0.001486028 0.999997854 0.001414273 -0.078563444 0.012995324 -0.001394844 0.999914587 4.907021999
0.999893367 0.001831676 -0.014487592 -0.040744264 -0.001825579 0.999998271 0.000434068 -0.079303794 0.014488360 -0.000407574 0.999894917 4.998813152
0.999861717 0.001946489 -0.016518623 -0.045964662 -0.001895388 0.999993443 0.003108627 -0.078618236 0.016524563 -0.003076888 0.999858737 5.108506680
0.999825239 0.000872457 -0.018675297 -0.049577005 -0.000883198 0.999999464 -0.000566889 -0.077805504 0.018674791 0.000583284 0.999825418 5.200417042
0.999818146 0.002565259 -0.018896304 -0.060913227 -0.002534585 0.999995470 0.001647064 -0.078303687 0.018900443 -0.001598870 0.999820113 5.298483849
0.999786317 0.002125120 -0.020560497 -0.064740747 -0.002173291 0.999994934 -0.002320878 -0.083313651 0.020555461 0.002365066 0.999785900 5.415785789
0.999742627 0.003547341 -0.022403669 -0.076386377 -0.003544016 0.999993682 0.000188084 -0.085802242 0.022404196 -0.000108637 0.999749005 5.527051449
0.999719560 0.003522814 -0.023415837 -0.079722509 -0.003507081 0.999993563 0.000712928 -0.085623503 0.023418197 -0.000630606 0.999725521 5.614237309
0.999755204 0.002406480 -0.021996368 -0.082328677 -0.002439240 0.999995947 -0.001462648 -0.085807122 0.021992758 0.001515944 0.999756992 5.719646454
0.999689341 0.002074330 -0.024832640 -0.087561317 -0.001990973 0.999992251 0.003381016 -0.088477038 0.024839461 -0.003330524 0.999685884 5.798208714
0.999675989 0.002709812 -0.025309825 -0.093721941 -0.002586908 0.999984741 0.004887487 -0.088141009 0.025322681 -0.004820430 0.999667704 5.891983986
0.999634326 0.004179241 -0.026717473 -0.105260730 -0.004065289 0.999982476 0.004317974 -0.086741440 0.026735049 -0.004207780 0.999633670 6.025660515
0.999607205 0.002870533 -0.027877696 -0.110486649 -0.002823479 0.999994457 0.001727097 -0.090337165 0.027882498 -0.001647707 0.999609828 6.129587650
0.999569476 0.003164929 -0.029168447 -0.120801643 -0.002947838 0.999967575 0.007482669 -0.096978247 0.029191190 -0.007393461 0.999546528 6.260512352
0.999531388 0.004083050 -0.030335665 -0.126825377 -0.004023225 0.999989808 0.002032951 -0.098035499 0.030343655 -0.001909950 0.999537706 6.347645283
0.999456525 0.002992396 -0.032828044 -0.129606515 -0.002842846 0.999985337 0.004601292 -0.101251043 0.032841332 -0.004505466 0.999450445 6.445788383
0.999385655 0.003038556 -0.034916036 -0.137951210 -0.002875276 0.999984682 0.004725621 -0.097398095 0.034929864 -0.004622325 0.999379098 6.552225113
0.999401152 0.003589455 -0.034416545 -0.144490987 -0.003384887 0.999976218 0.006000309 -0.097685739 0.034437265 -0.005880218 0.999389589 6.669305801
0.999345899 0.003327662 -0.036008980 -0.150824279 -0.003084133 0.999972045 0.006816435 -0.097318783 0.036030654 -0.006700921 0.999328196 6.776864052
0.999362171 0.004243634 -0.035457145 -0.164673775 -0.003934853 0.999953747 0.008773779 -0.098386809 0.035492729 -0.008628665 0.999332666 6.925144196
0.999287248 0.001605341 -0.037714716 -0.168273568 -0.001311705 0.999968588 0.007809181 -0.100562632 0.037726071 -0.007754147 0.999257982 7.024497032
0.999342382 0.003432777 -0.036096182 -0.176268995 -0.003167453 0.999967515 0.007405104 -0.100229107 0.036120422 -0.007285902 0.999320865 7.122026920
