1.000000000 0.000000000 0.000000000 0.000000000 0.000000000 1.000000000 0.000000000 0.000000000 0.000000000 0.000000000 1.000000000 0.000000000
0.999999523 -0.000041368 0.000963986 -0.000630323 0.000041261 1.000000000 0.000111221 0.000174274 -0.000963991 -0.000111181 0.999999523 -0.000667528
0.999999464 0.001017534 -0.000172449 0.000552033 -0.001017629 0.999999344 -0.000554503 0.000436701 0.000171885 0.000554678 0.999999821 -0.000266796
0.999999642 0.000813359 -0.000270479 0.000293852 -0.000813473 0.999999583 -0.000423867 0.000166228 0.000270134 0.000424087 0.999999881 -0.000372361
0.999999225 0.001250947 -0.000099122 0.000320819 -0.001250939 0.999999225 0.000084733 0.000055368 0.000099228 -0.000084609 1.000000000 0.000160405
0.999999404 0.000997410 -0.000457833 0.000114735 -0.000997624 0.999999404 -0.000468752 0.000090645 0.000457365 0.000469209 0.999999762 -0.000015981
0.999999642 0.000746405 -0.000019458 -0.000046242 -0.000746415 0.999999583 -0.000513785 -0.000001149 0.000019075 0.000513800 0.999999821 0.000072677
0.999999881 0.000443928 -0.000006725 -0.000069654 -0.000443931 0.999999881 -0.000333605 -0.000167132 0.000006577 0.000333608 0.999999940 -0.000007172
0.999999702 0.000673741 0.000054620 -0.000036750 -0.000673719 0.999999642 -0.000404629 -0.000070188 -0.000054893 0.000404593 0.999999881 0.000027922
0.999999046 0.001288215 0.000462717 -0.000156696 -0.001288012 0.999999106 -0.000440398 0.000010253 -0.000463284 0.000439802 0.999999762 -0.000225385
0.999998808 0.001528862 -0.000254230 0.000028499 -0.001528983 0.999998689 -0.000479242 -0.000016258 0.000253497 0.000479630 0.999999821 -0.000192702
0.999998331 0.001824501 -0.000269977 0.000001509 -0.001824563 0.999998271 -0.000231489 -0.000014588 0.000269554 0.000231981 0.999999881 -0.000366345
0.999998271 0.001760978 -0.000584330 0.000153914 -0.001761469 0.999998093 -0.000840255 0.000063781 0.000582849 0.000841283 0.999999464 -0.000226395
0.999994397 0.003034828 -0.001409942 0.000287876 -0.003036198 0.999994934 -0.000970855 0.000154353 0.001406988 0.000975131 0.999998510 -0.000230610
0.999995112 0.002721697 -0.001542264 0.000298941 -0.002722738 0.999996066 -0.000672767 -0.000041046 0.001540427 0.000676963 0.999998569 -0.000130698
0.999996185 0.002306150 -0.001534480 0.000058463 -0.002307865 0.999996781 -0.001116696 0.000255439 0.001531900 0.001120233 0.999998212 -0.000303465
0.999997377 0.002009484 -0.001070319 -0.000147975 -0.002010562 0.999997497 -0.001007098 0.000226307 0.001068292 0.001009248 0.999998927 -0.000237389
0.999995053 0.002417620 -0.002034105 -0.000021828 -0.002419109 0.999996841 -0.000730031 0.000220656 0.002032334 0.000734948 0.999997675 -0.000661535
0.999994636 0.002401649 -0.002246878 0.000038047 -0.002402794 0.999997020 -0.000506784 0.000231199 0.002245654 0.000512180 0.999997318 -0.000855648
0.999995351 0.002535200 -0.001696713 -0.000111788 -0.002535572 0.999996781 -0.000216882 0.000089935 0.001696158 0.000221183 0.999998510 -0.000613477
0.999996245 0.002403312 -0.001323981 -0.000012053 -0.002404315 0.999996841 -0.000756364 0.000194464 0.001322159 0.000759545 0.999998808 -0.000456515
0.999997258 0.002295430 -0.000489025 -0.000235218 -0.002295552 0.999997318 -0.000247579 0.000175280 0.000488456 0.000248700 0.999999821 -0.000411030
0.999998331 0.001802001 -0.000520114 -0.000072736 -0.001802191 0.999998391 -0.000364393 0.000150918 0.000519457 0.000365330 0.999999762 -0.000358987
0.999998987 0.001422678 -0.000352024 0.000009669 -0.001422709 0.999999046 -0.000086873 0.000075366 0.000351901 0.000087373 0.999999940 -0.000195696
0.999999642 0.000794866 0.000324756 -0.000113248 -0.000794726 0.999999583 -0.000428728 0.000187479 -0.000325097 0.000428470 0.999999821 0.000017858
0.999998868 -0.000593189 -0.001393180 0.000300537 0.000593318 0.999999821 0.000091859 -0.000091581 0.001393125 -0.000092686 0.999998987 0.000191901
0.999999523 -0.000990907 0.000145409 0.000351364 0.000991002 0.999999344 -0.000657204 -0.000102649 -0.000144758 0.000657348 0.999999762 0.000545876
0.999999046 -0.001265459 0.000464537 0.000245084 0.001265342 0.999999166 0.000252695 -0.000293524 -0.000464857 -0.000252107 0.999999821 0.000409653
0.999999583 -0.000744152 0.000575343 0.000140917 0.000744798 0.999999106 -0.001122774 0.000030555 -0.000574507 0.001123202 0.999999225 0.000336856
0.999999344 -0.000942903 0.000670492 0.000117010 0.000943695 0.999998808 -0.001181619 -0.000028658 -0.000669377 0.001182251 0.999999046 0.000326405
0.999999464 -0.000327997 0.000986722 0.000528558 0.000329623 0.999998629 -0.001648712 0.000033824 -0.000986179 0.001649036 0.999998152 0.000487521
0.999997973 -0.001409168 0.001402512 0.000394277 0.001411975 0.999996960 -0.002002317 -0.000051294 -0.001399687 0.002004294 0.999996960 0.000186040
0.999991357 0.001043218 0.004013448 0.000540679 -0.001038942 0.999998868 -0.001067365 0.000087323 -0.004014558 0.001063186 0.999991357 0.000492536
0.999991834 0.000246538 0.004014084 -0.000167682 -0.000239428 0.999998331 -0.001771681 0.000243175 -0.004014514 0.001770705 0.999990284 -0.000026965
0.999991357 -0.000265399 0.004154276 -0.000411436 0.000273733 0.999997973 -0.002005726 0.000187397 -0.004153735 0.002006846 0.999989331 -0.000185548
0.999991357 -0.000208186 0.004149576 -0.000179026 0.000216362 0.999998033 -0.001970007 0.000156249 -0.004149157 0.001970887 0.999989510 -0.000170555
0.999992490 -0.001157457 0.003678953 -0.000473829 0.001170707 0.999992788 -0.003601547 0.000210776 -0.003674759 0.003605827 0.999986708 -0.000524389
0.999996066 -0.000621148 0.002713613 0.000262265 0.000632212 0.999991357 -0.004078537 0.000128458 -0.002711057 0.004080237 0.999988019 -0.000697641
0.999989569 -0.000663564 0.004505073 -0.000300244 0.000685458 0.999987960 -0.004860087 0.000223073 -0.004501794 0.004863125 0.999978006 -0.000823473
0.999993324 -0.001449821 0.003339882 -0.000244453 0.001467305 0.999985158 -0.005238496 0.000107508 -0.003332237 0.005243362 0.999980688 -0.000589576
0.999993384 -0.001821216 0.003136741 -0.000015292 0.001838754 0.999982655 -0.005597263 -0.000307861 -0.003126493 0.005602994 0.999979377 -0.000168602
0.999990404 -0.000393456 0.004366623 0.000005504 0.000418900 0.999982834 -0.005827454 -0.000134323 -0.004364255 0.005829227 0.999973416 0.000014458
0.999991834 -0.000951735 0.003924477 -0.000038147 0.000974771 0.999982238 -0.005872232 -0.000234883 -0.003918819 0.005876010 0.999974966 -0.000100239
0.999990463 -0.000251163 0.004361839 -0.000201502 0.000280949 0.999976635 -0.006829604 0.000055800 -0.004360021 0.006830764 0.999967098 -0.000150257
0.999994576 -0.000606340 0.003231991 0.000287821 0.000627968 0.999977469 -0.006695016 -0.000182464 -0.003227858 0.006697010 0.999972343 -0.000031275
0.999984026 0.000014432 0.005663964 -0.000547394 0.000021244 0.999980211 -0.006298547 -0.000082339 -0.005663943 0.006298566 0.999964118 -0.000254879
0.999986351 -0.002003272 0.004815576 -0.000144560 0.002034042 0.999977410 -0.006393304 -0.000442689 -0.004802661 0.006403012 0.999967933 0.000288939
0.999983609 -0.002007245 0.005373174 -0.000720251 0.002039408 0.999980032 -0.005986971 0.000264452 -0.005361049 0.005997831 0.999967635 -0.000894291
0.999984443 -0.001007130 0.005480140 -0.000689271 0.001040785 0.999980569 -0.006141962 0.000665448 -0.005473848 0.006147570 0.999966025 -0.001068766
0.999984622 0.000129471 0.005546475 0.000028666 -0.000100202 0.999986112 -0.005276895 0.000361093 -0.005547081 0.005276257 0.999970675 -0.000661697
0.999974668 -0.001789843 0.006895971 -0.000376597 0.001822630 0.999986947 -0.004751315 -0.000149832 -0.006887377 0.004763762 0.999964952 0.000131992
0.999981046 -0.000860423 0.006087544 0.000034986 0.000885492 0.999991119 -0.004116601 -0.000105336 -0.006083949 0.004121913 0.999972939 -0.000127645
0.999985635 0.000894800 0.005280110 0.000589237 -0.000867703 0.999986410 -0.005132031 0.000211382 -0.005284630 0.005127375 0.999972880 -0.000384416
0.999980748 -0.000083738 0.006214293 -0.000552933 0.000117892 0.999984801 -0.005495823 0.000415189 -0.006213739 0.005496449 0.999965549 -0.001228616
0.999979973 -0.001591488 0.006124473 -0.000835950 0.001627786 0.999981046 -0.005926366 0.000349285 -0.006114926 0.005936217 0.999963582 -0.000817604
0.999987006 -0.001072543 0.004983238 -0.000352942 0.001100063 0.999984205 -0.005523152 0.000133638 -0.004977236 0.005528561 0.999972224 -0.000658221
0.999988139 -0.000999907 0.004764218 -0.000056426 0.001026964 0.999983251 -0.005680119 -0.000210428 -0.004758460 0.005684944 0.999972463 0.000064341
0.999978662 -0.000413189 0.006524227 -0.000739357 0.000447156 0.999986410 -0.005205805 -0.000087734 -0.006521986 0.005208611 0.999965131 -0.000440575
0.999991417 -0.000448214 0.004112205 0.000241789 0.000476896 0.999975562 -0.006976534 0.000048184 -0.004108978 0.006978435 0.999967217 -0.000222145
0.999989390 -0.000351001 0.004602127 0.000042986 0.000382493 0.999976516 -0.006843757 0.000194441 -0.004599616 0.006845444 0.999965966 -0.000354478
0.999988437 -0.001247221 0.004643958 -0.000283208 0.001277992 0.999977291 -0.006628892 0.000007763 -0.004635585 0.006634751 0.999967277 -0.000514650
0.999990106 -0.001227617 0.004265912 -0.000259877 0.001252425 0.999982357 -0.005817510 -0.000267549 -0.004258695 0.005822795 0.999974012 -0.000202037
0.999988616 -0.000982490 0.004680295 -0.000422103 0.001011729 0.999980092 -0.006249004 0.000209260 -0.004674062 0.006253669 0.999969542 -0.000708023
0.999986887 0.000015044 0.005118879 -0.000699100 0.000012565 0.999985516 -0.005393295 0.000165542 -0.005118887 0.005393289 0.999972343 -0.001005148
0.999989152 -0.000299561 0.004657040 -0.000621963 0.000324761 0.999985337 -0.005411222 -0.000037385 -0.004655352 0.005412675 0.999974549 -0.000543040
0.999991298 -0.000206545 0.004152129 -0.000698915 0.000228923 0.999985456 -0.005389642 -0.000131552 -0.004150955 0.005390546 0.999976873 -0.000296129
0.999989092 0.001415578 0.004460445 -0.000622434 -0.001394841 0.999988258 -0.004648890 0.000060112 -0.004466974 0.004642617 0.999979317 -0.000779112
0.999986887 0.001203254 0.004971805 -0.000882830 -0.001180771 0.999989212 -0.004522443 0.000002570 -0.004977193 0.004516513 0.999977469 -0.000700396
0.999989629 0.002211316 0.003979046 -0.000688308 -0.002194389 0.999988616 -0.004253522 -0.000167704 -0.003988406 0.004244747 0.999983072 -0.000609310
0.999988139 0.003173260 0.003700310 -0.000529456 -0.003160075 0.999988794 -0.003563859 -0.000187903 -0.003711578 0.003552124 0.999986827 -0.000830139
0.999991238 0.003253176 0.002648204 -0.000340379 -0.003242363 0.999986589 -0.004077153 -0.000044186 -0.002661433 0.004068531 0.999988198 -0.000883314
0.999985874 0.003244709 0.004216897 -0.000812087 -0.003226105 0.999985158 -0.004411288 0.000167830 -0.004231148 0.004397621 0.999981463 -0.000757898
0.999988616 0.002315328 0.004182152 -0.000887651 -0.002294835 0.999985456 -0.004898262 0.000289159 -0.004193431 0.004888609 0.999979258 -0.000827852
0.999992788 0.002977250 0.002379250 -0.000190274 -0.002968740 0.999989331 -0.003572230 -0.000115527 -0.002389860 0.003565142 0.999990821 -0.000427781
0.999988437 0.003463782 0.003359760 -0.000379079 -0.003450341 0.999986112 -0.003998357 0.000046333 -0.003373563 0.003986718 0.999986470 -0.000498358
0.999993145 0.001973917 0.003109755 -0.000207505 -0.001964218 0.999993205 -0.003118759 -0.000250402 -0.003115891 0.003112630 0.999990284 -0.000230025
0.999994636 0.001776650 0.002791898 -0.000418180 -0.001770413 0.999996006 -0.002235238 -0.000378062 -0.002795859 0.002230284 0.999993622 -0.000444599
0.999994636 0.001934432 0.002623869 -0.000167166 -0.001930634 0.999997020 -0.001449575 -0.000414770 -0.002626665 0.001444502 0.999995470 -0.000752691
0.999994755 0.001446813 0.002919171 -0.000363633 -0.001441356 0.999997318 -0.001870805 -0.000327179 -0.002921870 0.001866587 0.999994040 -0.000682714
0.999991655 0.001410209 0.003822120 -0.000577059 -0.001402304 0.999996901 -0.002070036 0.000140169 -0.003825028 0.002064659 0.999990523 -0.001551515
0.999992669 0.000799262 0.003741551 -0.000703640 -0.000791075 0.999997377 -0.002189052 0.000037658 -0.003743291 0.002186076 0.999990642 -0.001491615
0.999996364 0.000341057 0.002657086 -0.000359444 -0.000334981 0.999997437 -0.002286790 0.000039873 -0.002657859 0.002285892 0.999993920 -0.001230694
0.999991059 0.001606404 0.003918006 -0.000290519 -0.001597608 0.999996245 -0.002247133 -0.000120020 -0.003921601 0.002240853 0.999989748 -0.000511607
0.999993503 0.000579150 0.003581970 -0.000628037 -0.000571354 0.999997616 -0.002177112 0.000106660 -0.003583223 0.002175052 0.999991238 -0.001390057
0.999992073 0.001680680 0.003597365 0.000181290 -0.001675502 0.999997556 -0.001442073 -0.000359531 -0.003599781 0.001436033 0.999992490 -0.000114000
0.999989867 -0.000065694 0.004501879 -0.000942244 0.000075479 0.999997795 -0.002173297 0.000051244 -0.004501726 0.002173616 0.999987543 -0.000912354
0.999990821 0.001191225 0.004101658 -0.000390968 -0.001186110 0.999998510 -0.001249312 -0.000096142 -0.004103140 0.001244436 0.999990761 -0.000843372
0.999989867 0.001577949 0.004206252 -0.000233240 -0.001571694 0.999997675 -0.001490015 -0.000081162 -0.004208593 0.001483389 0.999990046 -0.000473608
0.999992430 0.001196133 0.003708737 -0.000304809 -0.001189394 0.999997675 -0.001818631 -0.000069007 -0.003710903 0.001814206 0.999991417 -0.000766181
0.999992728 0.001057936 0.003664939 -0.000290875 -0.001053506 0.999998748 -0.001210550 -0.000049662 -0.003666214 0.001206680 0.999992490 -0.000918595
0.999994755 0.000757240 0.003146610 -0.000049414 -0.000752344 0.999998510 -0.001557051 -0.000014911 -0.003147784 0.001554676 0.999993801 -0.001403696
0.999994278 0.000790419 0.003300943 0.000035860 -0.000785451 0.999998689 -0.001505867 -0.000405585 -0.003302129 0.001503266 0.999993443 -0.000568432
0.999991298 0.000963845 0.004071971 -0.000392850 -0.000957222 0.999998331 -0.001628004 0.000015613 -0.004073535 0.001624092 0.999990463 -0.000970511
0.999977291 0.002280892 0.006346193 -0.000651808 -0.002276047 0.999997199 -0.000770730 0.000093678 -0.006347933 0.000756269 0.999979556 -0.000941229
0.999981582 0.001304792 0.005921686 -0.000323717 -0.001296789 0.999998331 -0.001355122 -0.000108679 -0.005923444 0.001347419 0.999981582 -0.000400471
0.999980628 0.000967272 0.006152008 -0.000309335 -0.000958699 0.999998629 -0.001396356 -0.000113689 -0.006153351 0.001390432 0.999980152 -0.000443150
0.999980032 0.000382969 0.006309554 -0.000238546 -0.000375647 0.999999285 -0.001161518 -0.000059065 -0.006309994 0.001159124 0.999979436 -0.000643420
0.999971688 0.001875866 0.007288077 -0.000014684 -0.001862551 0.999996603 -0.001833266 -0.000192440 -0.007291491 0.001819638 0.999971807 -0.000004872
0.999962568 -0.000512927 0.008636869 -0.000711545 0.000534152 0.999996841 -0.002455398 0.000189993 -0.008635583 0.002459919 0.999959707 -0.001110193
0.999958754 0.000234991 0.009081105 -0.000281477 -0.000207211 0.999995232 -0.003059898 -0.000049770 -0.009081781 0.003057889 0.999954045 -0.000648446
0.999964833 -0.000604395 0.008359114 -0.000362953 0.000629446 0.999995470 -0.002994648 -0.000399716 -0.008357267 0.002999805 0.999960601 -0.000462406
0.999942422 0.000001717 0.010732930 -0.000861389 0.000022209 0.999997616 -0.002229129 -0.000049642 -0.010732908 0.002229240 0.999939978 -0.001206869
0.999946833 0.000291470 0.010306410 -0.000519293 -0.000262252 0.999996066 -0.002836195 0.000087853 -0.010307195 0.002833342 0.999942958 -0.000902639
0.999927878 -0.000860727 0.011982203 -0.001080839 0.000908360 0.999991894 -0.003970399 0.000020450 -0.011978686 0.003980998 0.999920368 -0.000795782
0.999934494 -0.000096349 0.011444198 -0.000784661 0.000141841 0.999992132 -0.003974397 -0.000029243 -0.011443725 0.003975760 0.999926627 -0.000908742
0.999939561 -0.000484550 0.010978619 -0.000764385 0.000540044 0.999987245 -0.005052380 0.000213932 -0.010976030 0.005058005 0.999926984 -0.000669010
0.999944925 -0.000027276 0.010493113 -0.000480890 0.000086318 0.999984205 -0.005626324 0.000099376 -0.010492794 0.005626920 0.999929190 -0.000209310
0.999951005 -0.000337899 0.009888204 -0.000314107 0.000395002 0.999983370 -0.005773553 -0.000206175 -0.009886090 0.005777176 0.999934494 -0.000222431
0.999946415 -0.000063458 0.010353183 -0.000560612 0.000128634 0.999980271 -0.006294760 -0.000158083 -0.010352579 0.006295755 0.999926627 -0.000330429
0.999950826 0.000042492 0.009913848 -0.000473557 0.000027204 0.999975324 -0.007030020 0.000030562 -0.009913902 0.007029944 0.999926150 -0.000335228
0.999941230 0.000157700 0.010840658 -0.000702583 -0.000075942 0.999971628 -0.007541807 0.000210928 -0.010841542 0.007540542 0.999912858 -0.000389370
0.999947011 0.000259106 0.010295246 -0.000540208 -0.000186947 0.999975502 -0.007009270 0.000009397 -0.010296809 0.007006974 0.999922454 -0.000352898
0.999945939 -0.000543863 0.010382290 -0.000471156 0.000607799 0.999980927 -0.006156000 -0.000096693 -0.010378744 0.006161978 0.999927163 -0.000019456
0.999954820 -0.001815981 0.009329356 -0.000195019 0.001871716 0.999980450 -0.005968819 -0.000268527 -0.009318335 0.005986012 0.999938726 0.000109086
0.999952137 -0.001901445 0.009592142 -0.000517945 0.001958015 0.999980867 -0.005891602 0.000160930 -0.009580756 0.005910102 0.999936640 -0.000809748
0.999957979 -0.001983031 0.008954590 -0.000208887 0.002032408 0.999982834 -0.005508434 0.000045806 -0.008943514 0.005526403 0.999944746 -0.000754150
0.999956727 -0.001804705 0.009129568 -0.000358688 0.001854016 0.999983788 -0.005395670 -0.000005082 -0.009119683 0.005412363 0.999943852 -0.000809425
0.999961376 -0.001831636 0.008599019 -0.000242835 0.001877964 0.999983847 -0.005382613 -0.000069800 -0.008589019 0.005398554 0.999948561 -0.000750397
0.999952137 -0.003158547 0.009267209 -0.000718468 0.003213753 0.999977231 -0.005948301 0.000049414 -0.009248211 0.005977799 0.999939382 -0.000430991
0.999955714 -0.002417811 0.009094046 -0.000565230 0.002467184 0.999982357 -0.005421824 -0.000122519 -0.009080777 0.005444021 0.999944031 -0.000288078
0.999970555 -0.002684913 0.007183339 -0.000009073 0.002716073 0.999987066 -0.004331673 -0.000309740 -0.007171614 0.004351055 0.999964893 -0.000060841
0.999979138 -0.002551550 0.005926473 -0.000271143 0.002578842 0.999986172 -0.004602063 -0.000032167 -0.005914649 0.004617251 0.999971807 -0.000492657
0.999972403 -0.001982764 0.007154088 -0.000348483 0.002000585 0.999994993 -0.002484638 -0.000430709 -0.007149124 0.002498881 0.999971271 -0.000370895
0.999985576 -0.000464951 0.005352684 -0.000182597 0.000482601 0.999994576 -0.003296472 -0.000014146 -0.005351122 0.003299008 0.999980271 -0.000622470
0.999979138 -0.000752186 0.006416983 -0.000966666 0.000763934 0.999998152 -0.001828412 -0.000478758 -0.006415595 0.001833277 0.999977827 -0.000559539
0.999987900 0.000727553 0.004879700 -0.000880034 -0.000717715 0.999997854 -0.002017613 -0.000105205 -0.004881157 0.002014087 0.999986053 -0.001314046
0.999990642 0.000852746 0.004234761 -0.000622389 -0.000844932 0.999998093 -0.001846615 -0.000279994 -0.004236327 0.001843021 0.999989390 -0.001119304
0.999993861 0.001492103 0.003183415 -0.000647575 -0.001485676 0.999996960 -0.002020508 -0.000010782 -0.003186421 0.002015766 0.999992907 -0.000902630
0.999991298 0.002725536 0.003158777 0.000150000 -0.002719598 0.999994516 -0.001882405 -0.000121536 -0.003163891 0.001873798 0.999993205 -0.000146385
0.999995530 0.001487525 0.002571810 0.000098448 -0.001483948 0.999997973 -0.001392255 -0.000217571 -0.002573876 0.001388433 0.999995708 -0.000616616
0.999987423 0.003618619 0.003479896 -0.000258868 -0.003613989 0.999992549 -0.001335821 0.000156480 -0.003484705 0.001323228 0.999992967 -0.000634449
0.999993742 0.002506705 0.002510243 -0.000027861 -0.002506657 0.999996960 -0.000022280 -0.000057026 -0.002510291 0.000015988 0.999996781 -0.000842196
0.999994099 0.002413166 0.002431099 0.000131209 -0.002412996 0.999997079 -0.000072668 -0.000167071 -0.002431267 0.000066801 0.999996960 -0.000544510
0.999988556 0.002841456 0.003836328 -0.000383381 -0.002841433 0.999995947 -0.000011426 -0.000031380 -0.003836345 0.000000525 0.999992609 -0.000886600
0.999993026 0.001574456 0.003384559 -0.000345002 -0.001574416 0.999998868 -0.000014396 -0.000078186 -0.003384578 0.000009067 0.999994218 -0.000867526
0.999990761 0.002222391 0.003671387 -0.000388671 -0.002221886 0.999997556 -0.000141647 0.000209108 -0.003671693 0.000133488 0.999993205 -0.000817659
0.999993503 0.001612623 0.003224791 -0.000154280 -0.001611466 0.999998689 -0.000361485 0.000289735 -0.003225369 0.000356286 0.999994695 -0.000722626
0.999996245 0.002282942 0.001461316 0.000172170 -0.002282575 0.999997377 -0.000252714 0.000188030 -0.001461889 0.000249377 0.999998808 -0.000458886
0.999997556 0.001437777 0.001668749 -0.000040761 -0.001437519 0.999998987 -0.000155965 0.000140383 -0.001668972 0.000153566 0.999998569 -0.000456983
0.999988854 0.002796276 0.003805477 -0.000489617 -0.002801164 0.999995291 0.001279657 0.000256810 -0.003801880 -0.001290302 0.999991894 -0.000503263
0.999992907 0.002319928 0.002957456 -0.000369227 -0.002325748 0.999995351 0.001965992 -0.000001411 -0.002952881 -0.001972856 0.999993622 -0.000304188
0.999990880 0.002547997 0.003433449 -0.000714290 -0.002551195 0.999996364 0.000927320 0.000247435 -0.003431073 -0.000936071 0.999993682 -0.000530322
0.999989688 0.003140735 0.003275820 -0.000291007 -0.003145321 0.999994099 0.001395820 0.000373942 -0.003271417 -0.001406109 0.999993622 -0.000659617
0.999993265 0.001529707 0.003325214 -0.000065204 -0.001540115 0.999993861 0.003129752 -0.000125870 -0.003320405 -0.003134851 0.999989510 -0.000345868
0.999989331 -0.002065996 0.004118207 -0.000526333 0.002047346 0.999987781 0.004528019 0.000099749 -0.004127511 -0.004519539 0.999981344 -0.000602026
0.999959230 -0.006796911 0.005958951 -0.000632557 0.006757483 0.999955416 0.006611913 -0.000424059 -0.006003627 -0.006571373 0.999960423 -0.000089119
0.999950290 -0.008538400 0.005149817 -0.000187570 0.008501487 0.999938428 0.007147755 -0.000197338 -0.005210531 -0.007103618 0.999961257 -0.000346753
0.999919713 -0.011845737 0.004515538 -0.000079784 0.011811397 0.999901772 0.007557204 -0.000365754 -0.004604616 -0.007503261 0.999961257 -0.000344367
0.999930501 -0.010287875 0.005759210 -0.000288892 0.010250966 0.999926984 0.006401998 -0.000563218 -0.005824653 -0.006342515 0.999962986 -0.000268066
0.999939978 -0.010099318 0.004239230 -0.000149004 0.010094518 0.999948502 0.001152265 0.000027525 -0.004250650 -0.001109402 0.999990404 -0.000110679
0.999968052 -0.006961584 0.003929218 -0.000199960 0.006962606 0.999975741 -0.000245932 0.000306214 -0.003927411 0.000273283 0.999992311 -0.000778175
0.999948025 -0.009020384 0.004755975 -0.000567632 0.009031380 0.999956608 -0.002295068 -0.000021343 -0.004735066 0.002337902 0.999985993 -0.000488099
0.999970555 -0.006945651 0.003263212 -0.000276868 0.006957221 0.999969602 -0.003547701 -0.000405146 -0.003238472 0.003570299 0.999988377 0.000239540
0.999971151 -0.006073457 0.004563229 -0.000774674 0.006094452 0.999970973 -0.004601128 -0.000249380 -0.004535152 0.004628805 0.999979079 -0.000244347
0.999971509 -0.006116436 0.004412659 -0.000891141 0.006148077 0.999955356 -0.007192904 0.000029145 -0.004368466 0.007219830 0.999964416 -0.000216418
0.999983609 -0.004380965 0.003664378 -0.000636312 0.004405517 0.999967813 -0.006719001 -0.000093270 -0.003634824 0.006735035 0.999970734 -0.000270690
0.999985158 -0.004440292 0.003153847 -0.000251926 0.004463696 0.999962330 -0.007452743 -0.000166172 -0.003120637 0.007466711 0.999967277 0.000093626
0.999973536 -0.006261474 0.003710737 -0.000393207 0.006284897 0.999960303 -0.006334212 -0.000307042 -0.003670930 0.006357366 0.999973059 -0.000008131
0.999979079 -0.006091304 0.002185949 -0.000138884 0.006103810 0.999964833 -0.005760584 -0.000257629 -0.002150783 0.005773806 0.999981046 -0.000216290
0.999984145 -0.004759313 0.003014765 0.000053220 0.004776096 0.999973118 -0.005584188 -0.000018457 -0.002988106 0.005598499 0.999979913 -0.000112324
0.999975026 -0.006267737 0.003266494 -0.000151391 0.006283535 0.999968648 -0.004848693 -0.000176631 -0.003236002 0.004869098 0.999982953 -0.000167704
0.999975741 -0.006167912 0.003215833 -0.000124462 0.006183816 0.999968767 -0.004959250 -0.000093909 -0.003185144 0.004979017 0.999982536 -0.000024054
0.999979138 -0.005227913 0.003793526 -0.000192193 0.005247725 0.999972701 -0.005231537 0.000041417 -0.003766072 0.005251337 0.999979138 -0.000157057
0.999971330 -0.005577268 0.005121931 -0.000995392 0.005607385 0.999967039 -0.005884381 0.000216099 -0.005088944 0.005912933 0.999969661 -0.000695192
0.999973774 -0.005664376 0.004519592 -0.000775263 0.005686086 0.999972403 -0.004805097 -0.000239417 -0.004492249 0.004830671 0.999978304 -0.000452361
0.999985635 -0.005085558 0.001700891 -0.000374630 0.005094656 0.999972641 -0.005388206 0.000173421 -0.001673442 0.005396795 0.999984026 -0.000113122
0.999987006 -0.005062288 0.000671461 -0.000157551 0.005064714 0.999980509 -0.003661364 0.000011561 -0.000652913 0.003664717 0.999993026 -0.000414890
0.999984801 -0.005198395 -0.001833119 0.000018946 0.005190332 0.999976993 -0.004376691 -0.000048438 0.001855828 0.004367110 0.999988675 0.000063878
0.999989212 -0.004374600 -0.001598690 -0.000669573 0.004366736 0.999978602 -0.004890364 0.000045101 0.001620049 0.004883330 0.999986827 -0.000196557
0.999990046 -0.000757842 -0.004401787 -0.000696941 0.000730610 0.999980748 -0.006184918 -0.000286799 0.004406387 0.006181641 0.999971211 -0.000176936
0.999975979 0.003934921 -0.005711559 -0.000327403 -0.003977111 0.999964774 -0.007394282 -0.000025072 0.005682262 0.007416819 0.999956250 -0.000096238
0.999983490 0.001878322 -0.005435412 -0.000226852 -0.001910174 0.999980986 -0.005860737 -0.000362197 0.005424300 0.005871022 0.999967992 -0.000033759
0.999999464 0.000270730 -0.001019009 -0.000467042 -0.000273002 0.999997497 -0.002230742 -0.000388730 0.001018403 0.002231019 0.999996960 -0.000105544
0.999994934 0.000043586 0.003162880 -0.000848549 -0.000038599 0.999998868 -0.001576781 0.000153469 -0.003162944 0.001576653 0.999993801 -0.000872082
0.999996424 -0.000599706 0.002596977 -0.000251505 0.000604379 0.999998212 -0.001798888 0.000147274 -0.002595894 0.001800451 0.999995053 -0.000495700
0.999995172 0.000500553 0.003071741 -0.000145530 -0.000496258 0.999998927 -0.001398688 0.000370765 -0.003072437 0.001397157 0.999994278 -0.000665141
0.999998391 -0.000153018 0.001823273 0.000256120 0.000154586 0.999999583 -0.000859668 0.000068028 -0.001823140 0.000859949 0.999997914 -0.000492152
0.999994040 0.001242235 0.003226327 -0.000378867 -0.001239627 0.999998868 -0.000810252 0.000466280 -0.003227330 0.000806248 0.999994457 -0.001022434
0.999996185 0.000118893 0.002754075 -0.000764534 -0.000117015 0.999999762 -0.000681929 0.000298813 -0.002754156 0.000681604 0.999995947 -0.000882793
0.999996305 0.000005000 0.002714515 -0.000708182 -0.000003727 0.999999881 -0.000469049 0.000241920 -0.002714517 0.000469038 0.999996185 -0.001044307
0.999997377 0.001610139 0.001629638 -0.000192901 -0.001606620 0.999996364 -0.002158791 0.000159729 -0.001633108 0.002156168 0.999996364 -0.000552260
0.999991834 0.002803848 0.002901324 0.000134540 -0.002792126 0.999987960 -0.004036319 -0.000001833 -0.002912606 0.004028184 0.999987602 -0.000615605
0.999988437 0.001930740 0.004407400 -0.000625885 -0.001908744 0.999985814 -0.004989513 -0.000052050 -0.004416971 0.004981042 0.999977887 -0.000491571
0.999984562 0.002342646 0.005044022 -0.000729351 -0.002315324 0.999982774 -0.005415795 -0.000097726 -0.005056622 0.005404034 0.999972641 -0.000357349
0.999978721 0.001801672 0.006269525 -0.000762081 -0.001763722 0.999980152 -0.006053393 -0.000063918 -0.006280308 0.006042207 0.999962032 -0.000313563
0.999970257 0.003305172 0.006967650 -0.000891509 -0.003260998 0.999974728 -0.006341749 -0.000010168 -0.006988434 0.006318840 0.999955595 -0.000766854
0.999981999 0.002091440 0.005628875 -0.000212213 -0.002052021 0.999973536 -0.006999715 -0.000375358 -0.005643365 0.006988038 0.999959707 -0.000051091
0.999964356 0.003170356 0.007822217 -0.000593562 -0.003115508 0.999970675 -0.007014172 0.000277830 -0.007844225 0.006989552 0.999944866 -0.000297187
0.999965489 0.002561575 0.007903203 -0.000539954 -0.002506998 0.999973178 -0.006907993 0.000119811 -0.007920686 0.006887942 0.999944925 -0.000401829
0.999966562 0.002764985 0.007697917 -0.000661798 -0.002712556 0.999973238 -0.006812968 -0.000041554 -0.007716548 0.006791859 0.999947190 -0.000738733
0.999980032 0.002249362 0.005900606 -0.000160684 -0.002202880 0.999966741 -0.007872242 -0.000243718 -0.005918116 0.007859088 0.999951661 -0.000211948
0.999975860 0.002803304 0.006366166 -0.000280280 -0.002752003 0.999963880 -0.008053001 -0.000228968 -0.006388511 0.008035287 0.999947309 -0.000306095
0.999980092 0.002961993 0.005580008 -0.000195021 -0.002913978 0.999958932 -0.008593296 -0.000089711 -0.005605232 0.008576863 0.999947548 -0.000396504
0.999977648 0.003292975 0.005824618 -0.000425312 -0.003243939 0.999959528 -0.008408487 -0.000094597 -0.005852072 0.008389404 0.999947727 -0.000590991
0.999980271 0.003865096 0.004951346 0.000279515 -0.003816981 0.999945819 -0.009690367 -0.000027571 -0.004988532 0.009671278 0.999940753 0.000143377
0.999985814 0.003380092 0.004134489 0.000309150 -0.003338106 0.999943316 -0.010120193 -0.000072807 -0.004168461 0.010106246 0.999940217 0.000369125
0.999980986 0.004512132 0.004229929 0.000284557 -0.004470289 0.999941587 -0.009850086 0.000103190 -0.004274127 0.009830988 0.999942482 -0.000153965
0.999981165 0.004518899 0.004183492 0.000183353 -0.004475622 0.999936998 -0.010297076 0.000143543 -0.004229758 0.010278155 0.999938190 -0.000130973
0.999985218 0.004007381 0.003703508 0.000249484 -0.003970980 0.999944270 -0.009784561 -0.000001178 -0.003742512 0.009769704 0.999945223 0.000095540
0.999993384 0.003389581 0.001391552 0.000410410 -0.003376310 0.999949813 -0.009431405 -0.000120965 -0.001423450 0.009426642 0.999954522 0.000059988
0.999993920 0.003241132 0.001328532 0.000423981 -0.003227984 0.999946952 -0.009782315 -0.000135414 -0.001360168 0.009777966 0.999951184 0.000144869
0.999995768 0.002928240 -0.000154894 0.000834800 -0.002929479 0.999957800 -0.008707026 -0.000400741 0.000129391 0.008707443 0.999962032 0.000470819
0.999994755 0.003265998 -0.000095763 0.000514983 -0.003266699 0.999958098 -0.008560421 -0.000245570 0.000067800 0.008560689 0.999963284 0.000269734
0.999995172 0.003079541 -0.000589969 0.000496397 -0.003084274 0.999961674 -0.008197867 -0.000432935 0.000564701 0.008199646 0.999966204 0.000426279
0.999993324 0.002846920 -0.002320063 0.000735463 -0.002865184 0.999964714 -0.007907148 -0.000634726 0.002297468 0.007913741 0.999965966 0.000579395
0.999994338 0.003036346 -0.001503380 0.000479244 -0.003046558 0.999972045 -0.006837671 -0.000752075 0.001482576 0.006842211 0.999975443 0.000675173
0.999995053 0.002613539 -0.001760838 0.000394208 -0.002625818 0.999972045 -0.007007728 -0.000587161 0.001742473 0.007012317 0.999973834 0.000648591
0.999990463 0.002819076 -0.003364756 0.000749014 -0.002841650 0.999973416 -0.006722897 -0.000683939 0.003345714 0.006732393 0.999971628 0.000991910
0.999993443 0.002842159 -0.002294600 0.000486346 -0.002857902 0.999972284 -0.006887169 -0.000491511 0.002274962 0.006893680 0.999973595 0.000697331
0.999988139 0.003389606 -0.003544930 0.000740465 -0.003412905 0.999972522 -0.006587191 -0.000339693 0.003522504 0.006599209 0.999971926 0.000665108
0.999989808 0.003831200 -0.002395095 0.000463332 -0.003845733 0.999974012 -0.006092908 -0.000150947 0.002371690 0.006102058 0.999978483 0.000483107
0.999989510 0.003607999 -0.002856649 0.000555093 -0.003625556 0.999974430 -0.006164844 -0.000254725 0.002834333 0.006175136 0.999976873 0.000539072
0.999992132 0.003443512 -0.002008652 0.000384388 -0.003453862 0.999980688 -0.005171994 -0.000085595 0.001990803 0.005178890 0.999984562 0.000036732
0.999995589 0.002955916 -0.000185765 -0.000298485 -0.002956577 0.999988973 -0.003662759 -0.000291422 0.000174937 0.003663292 0.999993265 -0.000460341
0.999996185 0.002725886 -0.000245004 -0.000323310 -0.002726863 0.999988019 -0.004078995 -0.000131006 0.000233882 0.004079647 0.999991715 -0.000610930
0.999996960 0.002370873 -0.000694382 0.000291214 -0.002373852 0.999987900 -0.004321049 -0.000246498 0.000684129 0.004322685 0.999990344 0.000173133
0.999997020 0.002380726 -0.000521782 -0.000160169 -0.002382150 0.999993503 -0.002743726 -0.000307251 0.000515245 0.002744961 0.999996126 -0.000280833
0.999997556 0.002121154 0.000662831 -0.000312665 -0.002119299 0.999993861 -0.002786480 -0.000184247 -0.000668737 0.002785069 0.999995828 -0.000339313
0.999997914 0.001804760 0.000953084 -0.000547506 -0.001802992 0.999996603 -0.001852896 -0.000370836 -0.000956425 0.001851174 0.999997795 -0.000288544
0.999997973 0.000919374 -0.001833494 0.000419887 -0.000925065 0.999994814 -0.003104960 -0.000317217 0.001830630 0.003106649 0.999993443 0.000372043
0.999999166 0.000615780 -0.001191263 0.000418129 -0.000619700 0.999994457 -0.003292309 -0.000325749 0.001189229 0.003293044 0.999993801 0.000495996
0.999999225 0.001252785 0.000093336 -0.000239409 -0.001252544 0.999996066 -0.002544691 -0.000239291 -0.000096525 0.002544573 0.999996781 -0.000163637
0.999999046 0.000579335 -0.001322305 0.000615147 -0.000584262 0.999992907 -0.003728344 -0.000353148 0.001320134 0.003729112 0.999992073 0.000240750
0.999999583 0.000179381 -0.000993192 0.000601451 -0.000184539 0.999986589 -0.005194545 -0.000224573 0.000992246 0.005194726 0.999985993 0.000489465
0.999993205 0.002073838 0.003036651 -0.000463211 -0.002058510 0.999985278 -0.005042434 0.000202843 -0.003047063 0.005036149 0.999982715 -0.000208413
0.999995172 0.000967556 0.002939372 -0.000643689 -0.000951955 0.999985576 -0.005304345 0.000086071 -0.002944462 0.005301522 0.999981642 -0.000860419
0.999992192 0.000889553 0.003838247 -0.000414197 -0.000868068 0.999984026 -0.005595651 0.000027379 -0.003843163 0.005592275 0.999977052 -0.000500193
0.999988556 0.000219544 0.004767320 -0.000588708 -0.000191200 0.999982417 -0.005945145 0.000038057 -0.004768541 0.005944166 0.999970913 -0.000686178
0.999986470 0.000603834 0.005173770 -0.000482995 -0.000572350 0.999981403 -0.006084647 0.000067206 -0.005177348 0.006081602 0.999968112 -0.000729591
0.999978602 0.001313727 0.006415812 -0.000455475 -0.001270964 0.999977052 -0.006664811 0.000121342 -0.006424421 0.006656514 0.999957204 -0.000543329
0.999973893 0.001591702 0.007045376 -0.000523102 -0.001545197 0.999977052 -0.006601334 0.000106874 -0.007055721 0.006590275 0.999953449 -0.000500928
0.999974787 0.001159477 0.007007143 -0.000314883 -0.001111766 0.999976218 -0.006808948 0.000165927 -0.007014872 0.006800987 0.999952316 -0.000560770
0.999979198 0.000627601 0.006435636 0.000193066 -0.000575561 0.999967217 -0.008084903 -0.000014257 -0.006440499 0.008081030 0.999946535 0.000080018
0.999980211 0.001300945 0.006173810 0.000164692 -0.001244773 0.999957919 -0.009093623 0.000294801 -0.006185379 0.009085756 0.999939501 0.000119265
0.999988794 0.001419599 0.004519172 0.000370775 -0.001377853 0.999956489 -0.009227367 0.000062962 -0.004532074 0.009221037 0.999947131 0.000265389
0.999991536 0.002432283 0.003341318 0.000541632 -0.002405392 0.999964893 -0.008028869 -0.000040742 -0.003360729 0.008020762 0.999962151 0.000438430
0.999993503 0.001149361 0.003434502 0.000313560 -0.001125553 0.999975383 -0.006925891 -0.000103590 -0.003442378 0.006921980 0.999970019 0.000150627
0.999990821 0.001809467 0.003877285 -0.000638832 -0.001788427 0.999983788 -0.005423117 0.000064827 -0.003887035 0.005416134 0.999977827 -0.000651000
0.999991298 0.001505901 0.003897600 -0.000476928 -0.001484244 0.999983490 -0.005553611 0.000097425 -0.003905900 0.005547778 0.999977052 -0.000463860
0.999995232 0.001959574 0.002376218 -0.000418266 -0.001947270 0.999984801 -0.005169449 0.000087802 -0.002386312 0.005164798 0.999983847 -0.000492256
0.999998152 0.001596665 0.001047867 -0.000369240 -0.001591060 0.999984503 -0.005328821 0.000231937 -0.001056359 0.005327143 0.999985218 -0.000547261
0.999997437 0.001352463 0.001795148 -0.000434547 -0.001343622 0.999987006 -0.004917404 0.000166775 -0.001801775 0.004914980 0.999986231 -0.000616756
0.999999523 0.000247713 0.000886795 -0.000390246 -0.000244387 0.999993026 -0.003749106 -0.000528196 -0.000887717 0.003748887 0.999992609 0.000094872
0.999997556 0.001350857 -0.001790505 0.000460630 -0.001358102 0.999990880 -0.004050729 -0.000438717 0.001785016 0.004053152 0.999990165 0.000396407
0.999998808 0.001473419 0.000398405 -0.000468560 -0.001472237 0.999994636 -0.002951651 -0.000484461 -0.000402753 0.002951062 0.999995589 -0.000377256
0.999995530 0.001665504 -0.002546664 0.000584280 -0.001672968 0.999994338 -0.002931007 -0.000570001 0.002541767 0.002935253 0.999992430 0.000330422
0.999995589 0.001466920 -0.002617702 0.000409379 -0.001473717 0.999995589 -0.002596142 -0.000536996 0.002613882 0.002599987 0.999993086 0.000090309
0.999996901 0.002433877 -0.000696666 0.000301103 -0.002435511 0.999994278 -0.002354625 -0.000329146 0.000690930 0.002356316 0.999996901 0.000290781
0.999997914 0.001848516 0.000918083 -0.000316986 -0.001846310 0.999995351 -0.002397026 -0.000130347 -0.000922510 0.002395326 0.999996603 -0.000005611
0.999999642 0.000720910 0.000538464 -0.000450805 -0.000719772 0.999997556 -0.002109854 0.000062579 -0.000539984 0.002109466 0.999997616 -0.000402812
0.999997735 0.001517258 0.001463222 -0.000622622 -0.001514869 0.999997497 -0.001632873 0.000228193 -0.001465696 0.001630652 0.999997556 -0.000575123
0.999999046 0.001062294 0.000842701 -0.000155846 -0.001060886 0.999998033 -0.001670436 0.000160255 -0.000844474 0.001669541 0.999998271 -0.000280245
0.999995768 0.001385065 0.002532111 -0.000784128 -0.001382402 0.999998450 -0.001052849 0.000328383 -0.002533565 0.001049343 0.999996185 -0.001020337
0.999996006 0.001407998 0.002426083 -0.000780535 -0.001405049 0.999998212 -0.001216752 0.000221819 -0.002427791 0.001213339 0.999996245 -0.001015233
0.999999881 0.000255656 0.000277889 -0.000500595 -0.000255432 0.999999762 -0.000808884 0.000060896 -0.000278097 0.000808815 0.999999642 -0.000840864
0.999999762 0.000202928 0.000589710 -0.000503099 -0.000202232 0.999999166 -0.001179246 0.000215072 -0.000589949 0.001179127 0.999999046 -0.000887892
0.999998808 0.001307576 -0.000845539 -0.000310368 -0.001308310 0.999998748 -0.000867836 0.000208344 0.000844403 0.000868941 0.999999225 -0.000686938
0.999994576 0.000576010 -0.003264568 0.000388666 -0.000580094 0.999999046 -0.001250087 0.000005318 0.003263844 0.001251975 0.999993861 0.000072874
0.999995351 0.000711100 -0.002986382 -0.000357230 -0.000711686 0.999999821 -0.000195061 -0.000022017 0.002986242 0.000197186 0.999995530 -0.000495381
0.999996424 0.000824260 -0.002551229 -0.000416437 -0.000823608 0.999999642 0.000256834 0.000145025 0.002551440 -0.000254732 0.999996722 -0.000614519
0.999992013 0.001186832 -0.003806415 -0.000010056 -0.001187155 0.999999285 -0.000082635 0.000143490 0.003806315 0.000087153 0.999992728 -0.000246974
0.999996364 0.000490369 -0.002667299 -0.000472583 -0.000490584 0.999999940 -0.000079734 0.000002996 0.002667259 0.000081043 0.999996483 -0.000577262
0.999997497 0.001231728 -0.001855568 -0.000399073 -0.001232028 0.999999225 -0.000160682 0.000166494 0.001855369 0.000162968 0.999998271 -0.000582932
0.999998868 -0.000181953 -0.001492824 -0.000575357 0.000180778 0.999999702 -0.000787619 0.000226200 0.001492967 0.000787348 0.999998569 -0.000813883
0.999999583 -0.000887459 0.000171651 -0.000744899 0.000887612 0.999999225 -0.000891189 0.000240002 -0.000170860 0.000891341 0.999999583 -0.000986788
0.999998927 -0.000346255 0.001450805 -0.000805802 0.000347907 0.999999285 -0.001138375 0.000130095 -0.001450410 0.001138879 0.999998212 -0.000700780
0.999994993 0.000013540 0.003179568 -0.000574383 -0.000007616 0.999998212 -0.001863105 -0.000137508 -0.003179588 0.001863071 0.999993145 -0.000598828
0.999997914 -0.000749870 0.001905004 0.000096057 0.000758490 0.999989390 -0.004528273 -0.000281665 -0.001901588 0.004529709 0.999987841 0.000365500
