1.000000000 0.000000000 0.000000000 0.000000000 0.000000000 1.000000000 0.000000000 0.000000000 0.000000000 0.000000000 1.000000000 0.000000000
0.999999344 -0.000458345 -0.001033050 -0.011359733 0.000459312 0.999999464 0.000936360 -0.020478889 0.001032620 -0.000936834 0.999999046 1.192594051
0.999992669 -0.001639705 -0.003468800 -0.019194879 0.001641839 0.999998391 0.000612512 -0.041015953 0.003467790 -0.000618202 0.999993801 2.388458490
0.999984980 -0.001403770 -0.005295747 -0.034184929 0.001403534 0.999998987 -0.000048430 -0.057864144 0.005295809 0.000040997 0.999985933 3.588582993
0.999977469 -0.001133191 -0.006605477 -0.050738778 0.001132178 0.999999285 -0.000157129 -0.080123037 0.006605650 0.000149647 0.999978185 4.781744003
0.999971926 0.000350352 -0.007477688 -0.062915042 -0.000351046 0.999999940 -0.000091471 -0.104354970 0.007477655 0.000094094 0.999971986 5.986720562
0.999967635 0.000231555 -0.008046233 -0.078157939 -0.000233685 1.000000000 -0.000263743 -0.120120749 0.008046173 0.000265614 0.999967515 7.184500217
0.999964058 -0.000141129 -0.008478655 -0.093354136 0.000143132 0.999999940 0.000235638 -0.140748993 0.008478623 -0.000236843 0.999963939 8.379395485
0.999957025 -0.000466645 -0.009262524 -0.106895931 0.000470613 0.999999762 0.000426311 -0.161160946 0.009262322 -0.000430651 0.999956965 9.568808556
0.999953508 -0.000452741 -0.009634988 -0.122915894 0.000448762 0.999999821 -0.000415103 -0.183507308 0.009635176 0.000410760 0.999953449 10.775899887
0.999949813 -0.000668217 -0.009991780 -0.141570956 0.000655373 0.999998987 -0.001288650 -0.203375831 0.009992630 0.001282037 0.999949217 11.973212242
0.999942243 0.000298832 -0.010741464 -0.165385678 -0.000306941 0.999999583 -0.000753284 -0.225792617 0.010741236 0.000756538 0.999942005 13.164799690
0.999935865 -0.000273540 -0.011326776 -0.190854043 0.000265827 0.999999762 -0.000682527 -0.249515653 0.011326961 0.000679472 0.999935567 14.362947464
0.999920726 -0.000505103 -0.012582417 -0.200487003 0.000488141 0.999998987 -0.001351142 -0.276672304 0.012583084 0.001344893 0.999919951 15.545318604
0.999909043 -0.000106428 -0.013480511 -0.224883154 0.000096701 0.999999762 -0.000722238 -0.295911074 0.013480583 0.000720868 0.999908924 16.747417450
0.999896824 -0.001768012 -0.014254570 -0.243049085 0.001780186 0.999998093 0.000841356 -0.318673342 0.014253055 -0.000866645 0.999898076 17.942546844
0.999884069 -0.001850731 -0.015111801 -0.264719039 0.001867640 0.999997616 0.001104920 -0.341515958 0.015109721 -0.001133015 0.999885201 19.163038254
0.999870121 -0.002547124 -0.015914630 -0.289977074 0.002550795 0.999996781 0.000210366 -0.360745609 0.015914040 -0.000250933 0.999873340 20.361652374
0.999851584 -0.002810035 -0.016996838 -0.309673190 0.002799750 0.999995828 -0.000628913 -0.383523434 0.016998533 0.000581233 0.999855280 21.545692444
0.999840558 -0.002455189 -0.017679054 -0.338955760 0.002444333 0.999996781 -0.000635656 -0.402244717 0.017680557 0.000592341 0.999843478 22.738161087
0.999832094 -0.002588112 -0.018139249 -0.366029382 0.002585175 0.999996603 -0.000185361 -0.422544867 0.018139668 0.000138437 0.999835491 23.941709518
0.999814928 -0.003313282 -0.018956248 -0.390200466 0.003317475 0.999994457 0.000189723 -0.446541429 0.018955512 -0.000252575 0.999820292 25.128866196
0.999800026 -0.003849034 -0.019625951 -0.415026903 0.003854310 0.999992490 0.000231006 -0.469141752 0.019624909 -0.000306604 0.999807417 26.325740814
0.999795616 -0.003956713 -0.019824680 -0.451359332 0.003960100 0.999992132 0.000131547 -0.489927471 0.019824000 -0.000210028 0.999803483 27.528390884
0.999788880 -0.004839414 -0.019969258 -0.477329433 0.004856842 0.999987841 0.000824342 -0.512504935 0.019965023 -0.000921156 0.999800265 28.729402542
0.999789059 -0.004383331 -0.020070728 -0.501640260 0.004422484 0.999988317 0.001906755 -0.526896596 0.020062139 -0.001995115 0.999796808 29.930109024
0.999795914 -0.003790618 -0.019843334 -0.534982860 0.003843128 0.999989212 0.002608721 -0.545669973 0.019833235 -0.002684448 0.999799669 31.151201248
0.999798477 -0.003331297 -0.019797444 -0.567155361 0.003374150 0.999992073 0.002131609 -0.564406335 0.019790186 -0.002197979 0.999801695 32.355045319
0.999808252 -0.002035131 -0.019476335 -0.597328365 0.002078642 0.999995351 0.002214079 -0.580009699 0.019471740 -0.002254139 0.999807894 33.542316437
0.999817252 0.000611011 -0.019107962 -0.626921833 -0.000531334 0.999991179 0.004174646 -0.597018182 0.019110346 -0.004163731 0.999808788 34.741394043
0.999849141 0.000684127 -0.017354945 -0.654536664 -0.000559061 0.999973834 0.007210178 -0.614329815 0.017359417 -0.007199388 0.999823511 35.958122253
0.999879062 0.001345329 -0.015485569 -0.684405386 -0.001189904 0.999948800 0.010041648 -0.625718474 0.015498285 -0.010022009 0.999829650 37.156707764
0.999897301 0.001632856 -0.014233861 -0.698301435 -0.001445433 0.999912202 0.013167769 -0.629392326 0.014254112 -0.013145844 0.999812007 38.359138489
0.999920368 0.001107814 -0.012570834 -0.727281690 -0.000922344 0.999890804 0.014750180 -0.641513586 0.012585801 -0.014737411 0.999812186 39.562866211
0.999940336 -0.000874033 -0.010888469 -0.745988727 0.001018366 0.999911606 0.013257112 -0.644187629 0.010875919 -0.013267413 0.999852777 40.778259277
0.999952435 0.000533854 -0.009732667 -0.760226905 -0.000420163 0.999931753 0.011679705 -0.650612235 0.009738238 -0.011675063 0.999884427 41.977924347
0.999955535 0.000040939 -0.009425062 -0.773310244 0.000062658 0.999939620 0.010991098 -0.655080199 0.009424943 -0.010991201 0.999895155 43.170658112
0.999955952 -0.000167696 -0.009383949 -0.790355325 0.000265384 0.999945760 0.010409858 -0.660189629 0.009381694 -0.010411891 0.999901772 44.372955322
0.999948502 -0.000595890 -0.010127641 -0.808517635 0.000689402 0.999957144 0.009232333 -0.665755272 0.010121707 -0.009238841 0.999906063 45.589599609
0.999928236 -0.000314916 -0.011978049 -0.825676084 0.000428916 0.999954641 0.009516014 -0.669256687 0.011974508 -0.009520470 0.999882996 46.801319122
0.999914229 -0.000680469 -0.013078950 -0.849740386 0.000820245 0.999942601 0.010684697 -0.678665936 0.013070928 -0.010694509 0.999857306 48.003940582
0.999902248 -0.001320790 -0.013921134 -0.872774184 0.001477242 0.999935806 0.011234135 -0.690227330 0.013905403 -0.011253600 0.999839962 49.211952209
0.999885023 0.000112886 -0.015162167 -0.892020226 0.000054837 0.999938786 0.011061024 -0.699957371 0.015162488 -0.011060583 0.999823809 50.417411804
0.999874175 0.000562442 -0.015848825 -0.915961385 -0.000391415 0.999941707 0.010792177 -0.705981255 0.015853969 -0.010784618 0.999816179 51.618682861
0.999874473 -0.000664490 -0.015826531 -0.940054536 0.000831504 0.999943972 0.010548554 -0.717513084 0.015818633 -0.010560391 0.999819100 52.830615997
0.999870062 -0.001633245 -0.016030686 -0.964186966 0.001791304 0.999949932 0.009850373 -0.728501022 0.016013792 -0.009877812 0.999822974 54.037662506
0.999859750 -0.002125237 -0.016610192 -0.985187650 0.002309549 0.999935865 0.011085022 -0.740481555 0.016585562 -0.011121831 0.999800503 55.232849121
0.999859214 -0.002083254 -0.016650477 -1.015519023 0.002292442 0.999918580 0.012554266 -0.745497346 0.016622964 -0.012590668 0.999782503 56.425323486
0.999852538 -0.001842357 -0.017070118 -1.039088964 0.002031434 0.999936700 0.011065757 -0.759446681 0.017048653 -0.011098802 0.999793053 57.627128601
0.999860287 0.000007884 -0.016718103 -1.071328521 0.000156640 0.999951601 0.009839752 -0.766853154 0.016717371 -0.009840993 0.999811828 58.823665619
0.999855816 0.002012730 -0.016856974 -1.097571611 -0.001840446 0.999945939 0.010229669 -0.775949895 0.016876651 -0.010197169 0.999805570 60.021331787
0.999851465 0.004178905 -0.016716048 -1.126482368 -0.004004489 0.999937296 0.010454014 -0.783440590 0.016758686 -0.010385524 0.999805629 61.214042664
0.999842286 0.005386900 -0.016921224 -1.151643634 -0.005204116 0.999927819 0.010827582 -0.793411732 0.016978329 -0.010737815 0.999798179 62.421932220
0.999861717 0.006282943 -0.015398649 -1.185742021 -0.006104218 0.999913692 0.011626204 -0.799898386 0.015470368 -0.011530599 0.999813795 63.619857788
0.999877274 0.008283671 -0.013298802 -1.214356422 -0.008119707 0.999890864 0.012336202 -0.805761278 0.013399543 -0.012226706 0.999835491 64.802810669
0.999915004 0.007067259 -0.010959995 -1.230698228 -0.006955280 0.999923587 0.010221747 -0.814043880 0.011031397 -0.010144648 0.999887705 65.985519409
0.999956727 0.003697170 -0.008533616 -1.243459225 -0.003649938 0.999977946 0.005543822 -0.835543990 0.008553926 -0.005512436 0.999948144 67.153633118
0.999972343 0.004543890 -0.005876078 -1.258151770 -0.004513463 0.999976397 0.005180831 -0.846255124 0.005899482 -0.005154167 0.999969244 68.337287903
