1.000000000 0.000000000 0.000000000 0.000000000 0.000000000 1.000000000 0.000000000 0.000000000 0.000000000 0.000000000 1.000000000 0.000000000
0.999999881 0.000273269 0.000349068 -0.000446324 -0.000273483 0.999999762 0.000613251 0.000454728 -0.000348901 -0.000613346 0.999999762 0.000433628
0.999999821 0.000379038 0.000432561 -0.000761098 -0.000379288 0.999999762 0.000578116 0.000146146 -0.000432342 -0.000578280 0.999999762 -0.000031049
1.000000000 -0.000107534 0.000118229 -0.000528553 0.000107236 0.999996841 0.002521650 0.000125681 -0.000118499 -0.002521638 0.999996841 0.000627446
0.999999940 0.000280647 0.000211280 -0.000216817 -0.000280567 0.999999881 -0.000380747 0.000313392 -0.000211386 0.000380688 0.999999881 0.000635943
0.999999762 0.000561267 0.000435854 0.000134075 -0.000561776 0.999999166 0.001167157 0.000134362 -0.000435199 -0.001167401 0.999999225 0.000693982
0.999999702 0.000547924 0.000536754 -0.000852945 -0.000548539 0.999999166 0.001146704 0.000147872 -0.000536125 -0.001146998 0.999999225 0.000188959
0.999999821 0.000224048 0.000521293 -0.000978684 -0.000223828 0.999999881 -0.000421292 0.000345400 -0.000521388 0.000421175 0.999999762 -0.000180387
0.999999940 0.000050799 0.000245042 0.000198963 -0.000051095 0.999999285 0.001208655 0.000520661 -0.000244980 -0.001208667 0.999999225 0.001835770
0.999999940 0.000151033 0.000381668 -0.000487649 -0.000151354 0.999999642 0.000840961 0.000316586 -0.000381541 -0.000841019 0.999999583 0.000216109
1.000000000 -0.000225305 -0.000066456 0.000358853 0.000225262 0.999999762 -0.000641356 -0.000320674 0.000066601 0.000641341 0.999999821 0.000182957
0.999999940 -0.000306044 -0.000032256 -0.000094409 0.000306073 0.999999523 0.000904424 -0.000428524 0.000031979 -0.000904434 0.999999583 0.000235799
1.000000000 -0.000056371 -0.000207005 0.000096901 0.000055978 0.999998212 -0.001897071 0.000530499 0.000207112 0.001897059 0.999998152 -0.000277057
0.999999940 0.000373892 0.000077386 -0.000797635 -0.000373903 0.999999940 0.000137557 -0.000154899 -0.000077335 -0.000137586 1.000000000 -0.000050996
0.999999940 0.000005871 -0.000343155 0.000461989 -0.000006139 0.999999702 -0.000779899 0.000655960 0.000343150 0.000779901 0.999999642 0.001064161
0.999999940 0.000328081 -0.000165725 -0.000223405 -0.000328292 0.999999106 -0.001276761 0.000558097 0.000165306 0.001276816 0.999999166 0.000288792
0.999999940 -0.000265609 -0.000128752 -0.000283442 0.000265669 0.999999881 0.000468572 0.000440242 0.000128628 -0.000468607 0.999999881 0.000270999
0.999999940 0.000176414 -0.000293575 -0.000387441 -0.000176818 0.999999046 -0.001377167 0.000705712 0.000293332 0.001377219 0.999998987 -0.000132999
0.999999821 -0.000362891 -0.000428564 0.000422876 0.000362360 0.999999166 -0.001240377 0.000697193 0.000429014 0.001240221 0.999999166 0.000592485
0.999999940 -0.000209198 -0.000299598 -0.000336727 0.000209360 0.999999821 0.000540603 0.000248549 0.000299485 -0.000540666 0.999999821 0.000457835
0.999999821 0.000040480 -0.000552805 0.000110955 -0.000041424 0.999998569 -0.001707745 0.000489187 0.000552735 0.001707768 0.999998391 0.000547941
1.000000000 0.000135721 -0.000087671 -0.000508532 -0.000135751 0.999999940 -0.000335949 0.000015602 0.000087625 0.000335961 0.999999940 -0.000114332
0.999999881 0.000472323 -0.000059806 -0.000069097 -0.000472354 0.999999762 -0.000516840 0.000360903 0.000059562 0.000516868 0.999999881 0.000556142
1.000000000 0.000136705 -0.000200431 -0.000193250 -0.000136843 0.999999762 -0.000689502 0.000233800 0.000200336 0.000689530 0.999999762 0.000163247
0.999999762 -0.000395547 -0.000582548 0.000024954 0.000395167 0.999999702 -0.000652686 0.000149636 0.000582806 0.000652456 0.999999642 -0.000022174
0.999999642 -0.000617490 -0.000526784 0.000631737 0.000617053 0.999999464 -0.000829187 0.000325611 0.000527295 0.000828862 0.999999523 0.000571365
0.999999762 -0.000285436 -0.000604105 0.000420730 0.000284905 0.999999583 -0.000878695 0.000192809 0.000604355 0.000878523 0.999999404 0.000429373
0.999999940 -0.000189471 -0.000366255 -0.000221168 0.000189270 0.999999821 -0.000549898 0.000144141 0.000366359 0.000549829 0.999999762 -0.000074052
0.999999881 -0.000334491 -0.000380422 0.000398407 0.000334190 0.999999642 -0.000790581 0.000369167 0.000380686 0.000790454 0.999999642 0.000438845
0.999999940 0.000130552 -0.000374204 0.000161576 -0.000130689 0.999999940 -0.000365759 0.000001317 0.000374156 0.000365808 0.999999881 0.000059207
0.999999940 0.000056178 -0.000313334 -0.000644623 -0.000056504 0.999999464 -0.001040853 -0.000051309 0.000313275 0.001040870 0.999999404 -0.000394125
0.999999940 0.000034178 -0.000250389 -0.000540556 -0.000034371 0.999999702 -0.000771119 0.000251654 0.000250362 0.000771128 0.999999642 -0.000114974
0.999999940 0.000098834 -0.000274927 -0.000067900 -0.000098864 1.000000000 -0.000108692 0.000157006 0.000274917 0.000108719 0.999999940 -0.000352437
0.999999940 0.000033007 -0.000290343 -0.000464853 -0.000033391 0.999999106 -0.001324439 0.000447220 0.000290299 0.001324449 0.999999106 0.000484429
0.999999881 0.000466694 -0.000085017 -0.000838193 -0.000466764 0.999999523 -0.000823863 0.000195574 0.000084633 0.000823903 0.999999642 0.000225246
1.000000000 0.000129522 -0.000108545 -0.000089136 -0.000129483 0.999999940 0.000359273 -0.000504231 0.000108591 -0.000359259 0.999999940 -0.000775608
0.999999881 0.000329940 -0.000355867 0.000042395 -0.000330323 0.999999344 -0.001078105 -0.000199827 0.000355511 0.001078223 0.999999344 -0.000131595
0.999999762 -0.000154540 -0.000694261 -0.000009988 0.000153684 0.999999225 -0.001231720 0.000246308 0.000694451 0.001231613 0.999998987 0.000089036
1.000000000 -0.000060101 -0.000048397 -0.000963846 0.000060122 0.999999881 0.000440669 -0.000492181 0.000048370 -0.000440672 0.999999881 -0.000300078
0.999999821 0.000263886 -0.000581419 0.000791782 -0.000264088 0.999999881 -0.000347560 -0.002700375 0.000581327 0.000347714 0.999999762 -0.000719287
0.999999881 0.000054078 -0.000461280 0.000006716 -0.000054092 1.000000000 -0.000029194 0.000187722 0.000461278 0.000029219 0.999999881 0.000369537
0.999999940 0.000131388 -0.000379486 -0.000826654 -0.000131609 0.999999821 -0.000581050 -0.000106664 0.000379409 0.000581100 0.999999762 -0.000743299
0.999999940 0.000060163 -0.000297173 -0.001015193 -0.000060497 0.999999344 -0.001126571 0.000134343 0.000297105 0.001126589 0.999999344 -0.000189173
0.999999940 -0.000102770 -0.000396485 -0.000574521 0.000102835 1.000000000 0.000164095 -0.000890844 0.000396469 -0.000164136 0.999999881 -0.000835617
0.999999821 -0.000324867 -0.000545907 -0.000440081 0.000324278 0.999999344 -0.001079129 -0.000296919 0.000546258 0.001078951 0.999999285 -0.001014144
0.999999821 0.000245786 -0.000502900 0.000001897 -0.000245985 0.999999881 -0.000396356 -0.000537092 0.000502803 0.000396479 0.999999821 -0.000510068
0.999999821 -0.000084199 -0.000619708 0.000030247 0.000083880 0.999999881 -0.000514397 0.000038091 0.000619751 0.000514345 0.999999702 -0.000325158
0.999999940 0.000112331 -0.000307490 -0.000214155 -0.000112645 0.999999464 -0.001022425 0.000362182 0.000307375 0.001022460 0.999999404 -0.000284533
0.999999821 -0.000319257 -0.000452564 -0.000335514 0.000319198 0.999999940 -0.000129289 -0.000479700 0.000452605 0.000129144 0.999999881 -0.000509360
0.999999881 -0.000121786 -0.000502240 0.000268819 0.000121344 0.999999583 -0.000879663 -0.000179909 0.000502347 0.000879602 0.999999464 0.000376914
0.999999762 -0.000520474 -0.000488251 -0.000168073 0.000520293 0.999999821 -0.000371597 -0.000204737 0.000488444 0.000371343 0.999999821 -0.000344671
0.999999881 0.000234299 -0.000361989 -0.000100007 -0.000234632 0.999999523 -0.000921184 0.000421517 0.000361773 0.000921269 0.999999523 -0.000080970
0.999999821 -0.000148389 -0.000525728 -0.000109675 0.000148039 0.999999762 -0.000666404 0.000478651 0.000525827 0.000666326 0.999999642 0.000842101
0.999999762 0.000223926 -0.000683560 0.000409569 -0.000224517 0.999999583 -0.000864499 0.000495281 0.000683366 0.000864652 0.999999404 0.000509658
0.999999881 0.000060617 -0.000517472 0.000242831 -0.000061045 0.999999642 -0.000827262 0.000467557 0.000517422 0.000827294 0.999999523 0.000179679
0.999999821 0.000165973 -0.000521441 0.000206435 -0.000166280 0.999999821 -0.000588924 -0.000337292 0.000521343 0.000589011 0.999999702 -0.000120473
0.999999762 -0.000173673 -0.000705619 0.000044422 0.000173168 0.999999702 -0.000714699 0.000007893 0.000705743 0.000714576 0.999999523 0.000509094
0.999999762 -0.000078491 -0.000685571 -0.000324076 0.000077894 0.999999642 -0.000871316 0.000380811 0.000685639 0.000871262 0.999999404 0.000211383
0.999999881 0.000135723 -0.000528718 0.000397614 -0.000136144 0.999999702 -0.000796615 0.000327232 0.000528610 0.000796687 0.999999523 0.000278230
0.999999821 -0.000077595 -0.000560586 -0.000110618 0.000077105 0.999999642 -0.000874067 0.000344081 0.000560653 0.000874024 0.999999464 0.000556678
0.999999821 -0.000136569 -0.000626846 0.000136378 0.000135914 0.999999464 -0.001043915 -0.000084453 0.000626989 0.001043830 0.999999285 0.000182224
0.999999762 0.000469932 -0.000521941 -0.000051209 -0.000470465 0.999999344 -0.001020663 0.000163882 0.000521461 0.001020908 0.999999344 0.000419772
0.999999821 0.000428013 -0.000392098 0.000021361 -0.000428272 0.999999702 -0.000660427 0.000115325 0.000391815 0.000660595 0.999999702 0.000419409
0.999999881 0.000352663 -0.000326525 0.000031037 -0.000352889 0.999999702 -0.000690424 0.000299595 0.000326281 0.000690539 0.999999702 0.000682314
0.999999881 0.000195368 -0.000381727 -0.000145637 -0.000195628 0.999999762 -0.000680141 0.000235357 0.000381594 0.000680215 0.999999702 -0.000186574
0.999999821 0.000420247 -0.000390206 -0.000309338 -0.000420430 0.999999821 -0.000469676 0.000272906 0.000390008 0.000469840 0.999999821 0.000527867
0.999999881 0.000349360 -0.000305948 -0.000563398 -0.000349480 0.999999881 -0.000393798 -0.000165752 0.000305810 0.000393904 0.999999881 -0.000255253
0.999999881 0.000385928 -0.000346873 -0.000006775 -0.000386071 0.999999821 -0.000412306 0.000009096 0.000346714 0.000412440 0.999999881 0.000166184
0.999999881 -0.000059830 -0.000418760 -0.000052584 0.000059547 0.999999762 -0.000674014 -0.000390770 0.000418800 0.000673989 0.999999702 -0.000128612
0.999999881 0.000288366 -0.000327011 -0.000118271 -0.000288490 0.999999881 -0.000379956 -0.000099955 0.000326901 0.000380050 0.999999881 -0.000255154
0.999999940 0.000164962 -0.000349194 -0.000188995 -0.000165110 0.999999881 -0.000423453 -0.000100811 0.000349124 0.000423511 0.999999821 0.000124655
0.999999821 -0.000343201 -0.000461843 -0.000715908 0.000342938 0.999999762 -0.000567308 -0.000328665 0.000462038 0.000567150 0.999999762 -0.000601011
0.999999821 -0.000129831 -0.000551766 -0.000260060 0.000129416 0.999999702 -0.000752100 -0.000261336 0.000551864 0.000752029 0.999999583 -0.000731934
1.000000000 0.000023984 -0.000175867 -0.000426083 -0.000024060 0.999999881 -0.000431738 -0.000050074 0.000175856 0.000431742 0.999999881 -0.000278350
0.999999940 -0.000141201 -0.000304064 -0.000105657 0.000140949 0.999999642 -0.000828710 0.000287979 0.000304181 0.000828667 0.999999583 0.001274484
0.999999881 -0.000275660 -0.000469529 -0.000215370 0.000275376 0.999999762 -0.000604270 -0.000042169 0.000469696 0.000604140 0.999999702 -0.000328729
0.999999881 -0.000309540 -0.000394080 -0.000101863 0.000309388 0.999999881 -0.000384869 -0.001016241 0.000394199 0.000384747 0.999999821 -0.000158925
0.999999881 -0.000070145 -0.000476012 -0.000269380 0.000069888 0.999999881 -0.000539754 -0.000234150 0.000476050 0.000539721 0.999999762 -0.000249878
0.999999940 -0.000161091 -0.000275998 -0.000006261 0.000160921 0.999999821 -0.000616055 0.000427115 0.000276097 0.000616011 0.999999762 0.001461857
1.000000000 0.000236117 -0.000039018 -0.001362078 -0.000236139 0.999999821 -0.000560889 0.000102020 0.000038885 0.000560899 0.999999821 -0.000360067
1.000000000 0.000006708 -0.000184728 -0.000720072 -0.000006771 0.999999940 -0.000343247 -0.000133991 0.000184726 0.000343248 0.999999940 0.000410074
0.999999940 -0.000072027 -0.000360970 -0.000185189 0.000071863 0.999999881 -0.000456462 0.000241411 0.000361003 0.000456436 0.999999821 0.000105195
0.999999940 0.000041265 -0.000288378 -0.000269461 -0.000041355 0.999999940 -0.000314365 -0.000218450 0.000288365 0.000314376 0.999999881 -0.000381835
0.999999940 0.000017787 -0.000327294 0.000084209 -0.000017893 0.999999940 -0.000323713 -0.000260281 0.000327289 0.000323719 0.999999881 0.000318628
0.999999881 -0.000215095 -0.000366414 -0.000162329 0.000214895 0.999999821 -0.000545948 -0.000002598 0.000366532 0.000545869 0.999999762 0.000469957
0.999999940 -0.000199336 -0.000363267 0.000065295 0.000199355 1.000000000 0.000053095 -0.000360429 0.000363257 -0.000053167 0.999999940 0.000033305
1.000000000 0.000001559 -0.000241904 -0.000043458 -0.000001632 0.999999940 -0.000300835 0.000257773 0.000241903 0.000300835 0.999999940 0.000388042
0.999999940 0.000107081 -0.000228928 -0.000333018 -0.000107125 1.000000000 -0.000192627 -0.000088250 0.000228908 0.000192651 0.999999940 0.000245655
0.999999940 -0.000036783 -0.000276507 -0.000409946 0.000036634 0.999999881 -0.000536800 0.000072788 0.000276527 0.000536790 0.999999821 -0.000065975
0.999999881 -0.000220939 -0.000407051 -0.000244985 0.000220795 0.999999940 -0.000354524 -0.000093147 0.000407129 0.000354434 0.999999881 -0.000240254
1.000000000 -0.000067421 -0.000188520 -0.000514693 0.000067312 0.999999821 -0.000575653 -0.000175747 0.000188559 0.000575640 0.999999821 -0.000273406
0.999999940 -0.000207749 -0.000363418 -0.000151146 0.000207481 0.999999702 -0.000737542 -0.000144722 0.000363571 0.000737467 0.999999642 -0.000337848
1.000000000 0.000035898 -0.000198039 -0.000413109 -0.000035956 0.999999940 -0.000292164 -0.000241286 0.000198029 0.000292171 0.999999940 -0.000252971
1.000000000 0.000011330 -0.000180714 -0.000488554 -0.000011408 0.999999881 -0.000428288 -0.000186470 0.000180709 0.000428290 0.999999881 -0.000369696
0.999999881 -0.000268128 -0.000358061 -0.000099422 0.000267889 0.999999762 -0.000666836 -0.000116256 0.000358240 0.000666740 0.999999702 -0.000563485
0.999999881 -0.000359567 -0.000336078 0.000386713 0.000359392 0.999999821 -0.000521783 0.000242105 0.000336266 0.000521662 0.999999821 0.000950988
0.999999642 -0.000636299 -0.000588951 -0.000001058 0.000635839 0.999999523 -0.000779817 0.000327041 0.000589447 0.000779442 0.999999523 0.000441621
1.000000000 0.000019659 -0.000205220 0.000089213 -0.000019759 0.999999881 -0.000487594 -0.000360429 0.000205210 0.000487598 0.999999881 -0.000016833
0.999999940 -0.000258244 -0.000123225 -0.000718679 0.000258184 0.999999821 -0.000490031 -0.000224461 0.000123351 0.000490000 0.999999881 -0.000410535
0.999999940 -0.000297157 -0.000128251 -0.000485858 0.000297140 0.999999940 -0.000133769 -0.000662738 0.000128291 0.000133731 1.000000000 -0.000429757
1.000000000 -0.000138888 -0.000014383 -0.000286039 0.000138883 0.999999940 -0.000333036 -0.000480482 0.000014429 0.000333034 0.999999940 0.000235185
1.000000000 0.000090398 -0.000033820 -0.001093809 -0.000090404 1.000000000 -0.000152719 -0.000294985 0.000033807 0.000152722 1.000000000 0.000058053
0.999999940 -0.000163971 -0.000197441 -0.000073810 0.000163906 0.999999940 -0.000331174 0.000129592 0.000197495 0.000331142 0.999999940 0.000096512
0.999999821 -0.000603751 -0.000065682 -0.000997987 0.000603725 0.999999762 -0.000393530 -0.000281423 0.000065920 0.000393490 0.999999940 -0.000296160
0.999999940 -0.000252636 -0.000276657 -0.000346359 0.000252586 0.999999940 -0.000180826 -0.000159891 0.000276702 0.000180756 0.999999940 -0.000260120
0.999999940 -0.000227658 -0.000088686 -0.000069250 0.000227627 0.999999940 -0.000348571 -0.000117713 0.000088765 0.000348551 0.999999940 0.000206977
0.999999940 -0.000340395 -0.000118941 -0.000838093 0.000340360 0.999999881 -0.000292012 -0.000470124 0.000119040 0.000291971 0.999999940 -0.000831916
1.000000000 -0.000106610 0.000076379 -0.000324687 0.000106551 0.999999702 0.000767500 -0.000355836 -0.000076461 -0.000767492 0.999999702 -0.000050593
0.999999881 0.000245403 0.000392620 0.000113817 -0.000246874 0.999992907 0.003752457 -0.000107241 -0.000391696 -0.003752554 0.999992907 0.001715545
0.999999940 0.000205805 0.000328023 -0.000384168 -0.000206288 0.999998927 0.001470519 -0.000443096 -0.000327720 -0.001470586 0.999998868 0.000626245
0.999999642 0.000424367 0.000718037 -0.000325764 -0.000426882 0.999993742 0.003506759 -0.000405337 -0.000716544 -0.003507065 0.999993622 0.000838821
0.999999940 0.000344048 0.000221522 0.000009679 -0.000344520 0.999997675 0.002135822 0.000088415 -0.000220787 -0.002135898 0.999997675 0.001337817
0.999999821 0.000424501 0.000444277 -0.000276599 -0.000424884 0.999999523 0.000862272 -0.000124073 -0.000443911 -0.000862460 0.999999523 0.000748604
0.999999642 0.000232038 0.000839273 -0.000566869 -0.000234943 0.999993980 0.003462296 -0.000631520 -0.000838465 -0.003462492 0.999993682 0.000238471
0.999999881 0.000299997 0.000365957 -0.000136527 -0.000301135 0.999995112 0.003114728 0.000031896 -0.000365021 -0.003114838 0.999995053 0.001131902
0.999970078 0.000497670 0.007722514 -0.001362740 -0.000383815 0.999891341 -0.014737725 -0.001269454 -0.007729009 0.014734320 0.999861598 -0.004416447
0.999808311 0.002310930 0.019439282 0.001354588 0.000290628 0.991146207 -0.132774547 0.013404471 -0.019574001 0.132754788 0.990955591 -0.020521045
0.999611497 0.000949815 0.027854001 -0.012260319 0.010205159 0.917534292 -0.397525668 0.055468004 -0.025934577 0.397655517 0.917168140 -0.128360614
0.999838173 -0.004197301 0.017495053 -0.014215410 0.013830379 0.801248193 -0.598172426 0.064515874 -0.011507169 0.598317504 0.801176488 -0.230378672
0.999968529 -0.007033511 0.003668030 0.031513177 0.007304364 0.636092246 -0.771578431 0.100898147 0.003093700 0.771580994 0.636123598 -0.492889643
0.999965966 -0.008238434 0.000395461 -0.033127114 0.004904571 0.555390656 -0.831575096 0.142506078 0.006631242 0.831548750 0.555412173 -0.540570140
0.999971509 -0.007539586 -0.000295310 -0.086835511 0.003577543 0.508220017 -0.861219823 0.089642107 0.006643321 0.861194253 0.508232534 -0.645880163
0.999969363 -0.007701208 0.001337611 -0.134801835 0.005100660 0.513234138 -0.858233452 -0.070645660 0.005922927 0.858214080 0.513257742 -0.845070183
0.999960244 -0.008499376 0.002699584 -0.168126404 0.006759873 0.524982691 -0.851086140 -0.184702188 0.005816466 0.851070464 0.525019169 -0.979545116
0.999911845 -0.010121425 0.008589483 -0.288908035 0.012693269 0.539553165 -0.841855943 -0.341157913 0.003886297 0.841890812 0.539634109 -1.245002270
0.999958038 -0.008964037 0.001882787 -0.149024829 0.006301378 0.524050951 -0.851663589 -0.161045223 0.006647666 0.851639748 0.524085462 -0.937604308
0.999925256 -0.011147323 0.005013589 -0.187836722 0.010164613 0.530569911 -0.847580254 -0.347486407 0.006788192 0.847567916 0.530643582 -1.140484095
0.999962747 -0.008477861 0.001593736 -0.149830103 0.005818118 0.526417792 -0.850206077 -0.161033630 0.006368959 0.850183785 0.526447475 -0.935522854
0.999957025 -0.009072064 0.001889484 -0.178310335 0.006528332 0.544950545 -0.838442802 -0.316998959 0.006576732 0.838419139 0.544986248 -1.111500621
0.999959946 -0.008866676 -0.001242484 -0.149106830 0.003762427 0.542070746 -0.840324402 -0.096313089 0.008124401 0.840286076 0.542082369 -0.798579931
0.999947488 -0.009976576 0.002321837 -0.230830744 0.007467256 0.554824531 -0.831933856 -0.185840964 0.007011640 0.831907630 0.554869831 -0.967029452
0.999943137 -0.010664338 -0.000219056 -0.173725739 0.005838688 0.564421296 -0.825466156 -0.357125163 0.008926691 0.825417936 0.564451516 -1.051832318
0.999918163 -0.012772528 0.000731574 -0.083775774 0.007971696 0.577311099 -0.816485345 -0.532911301 0.010006237 0.816424191 0.577365756 -1.107207298
0.999938846 -0.010134348 -0.004430200 -0.108137704 0.001752235 0.540640533 -0.841251850 -0.094058245 0.010920684 0.841192663 0.540625215 -0.821727991
0.999897242 -0.014118716 -0.002472190 -0.295816809 0.005652522 0.546905041 -0.837175429 0.016732484 0.013171899 0.837075472 0.546928763 -0.943571687
0.999724567 -0.023330197 0.002534978 -0.243799567 0.015359512 0.568821669 -0.822317481 -0.567006588 0.017742872 0.822129846 0.569023371 -1.326512814
0.999694347 -0.024510162 0.003248907 -0.125283986 0.016533002 0.564982176 -0.824937463 -0.728241146 0.018383779 0.824739039 0.565214574 -1.318895578
0.999704957 -0.023799473 0.004887941 -0.097415783 0.017598819 0.570622146 -0.821024179 -0.844166994 0.016750779 0.820867836 0.570872486 -1.383211851
0.999837637 -0.018020837 0.000297012 -0.060468394 0.010256669 0.555358529 -0.831547678 -0.548065841 0.014820239 0.831415653 0.555453181 -1.162641168
0.999705672 -0.023990510 0.003631475 0.010339776 0.016648967 0.569362283 -0.821918130 -1.015644789 0.017650612 0.821736693 0.569594026 -1.421056867
0.999741912 -0.022375658 0.003938531 -0.012068368 0.015908340 0.565657854 -0.824486613 -0.972711563 0.016220568 0.824336410 0.565867901 -1.404753447
0.999874890 -0.015815917 -0.000041542 -0.065342337 0.008672829 0.550484896 -0.834799945 -0.510718822 0.013226000 0.834695220 0.550553203 -1.134631515
0.999885201 -0.015141596 0.000683667 -0.096760601 0.008856772 0.547068894 -0.837040722 -0.405222535 0.012300121 0.836950600 0.547140181 -1.076971412
0.999980807 -0.005371815 -0.003103855 -0.157625422 0.000179560 0.525144398 -0.851013064 0.148746371 0.006201458 0.850996196 0.525135279 -0.665190697
0.999980569 -0.005733742 -0.002454220 -0.144152522 0.000904130 0.522609711 -0.852571487 0.147889107 0.006171023 0.852552831 0.522604704 -0.577519178
0.999981761 -0.002906972 -0.005286695 -0.146568686 -0.003069596 0.509230375 -0.860624790 0.506043673 0.005193957 0.860625446 0.509212077 -0.246857077
0.999974012 -0.006046894 -0.003937807 -0.108041815 -0.000194811 0.522880554 -0.852405906 0.185021847 0.007213412 0.852384508 0.522865713 -0.566641092
0.999973297 -0.006281316 -0.003739196 -0.073793732 0.000134176 0.527201355 -0.849740326 0.070091695 0.007308796 0.849717200 0.527188122 -0.653020620
0.999968171 -0.006017144 -0.005239952 -0.067971095 -0.001347970 0.519885182 -0.854234993 0.255472183 0.007864229 0.854215026 0.519860506 -0.471013069
0.999964952 -0.007792145 -0.003062544 -0.090417951 0.001498599 0.526466548 -0.850194514 0.143668398 0.008237165 0.850160062 0.526459813 -0.603476763
0.999949157 -0.010049930 -0.000766851 -0.129156247 0.004744326 0.536446214 -0.843921185 -0.128527254 0.008892723 0.843874753 0.536466599 -0.889371276
0.999951482 -0.009854077 -0.000000541 -0.126311034 0.005338856 0.541811347 -0.840483129 -0.223498344 0.008282481 0.840442479 0.541837573 -0.971054614
0.999979496 -0.003779116 -0.005160008 -0.123565719 -0.002430063 0.521780074 -0.853076577 0.341088206 0.005916263 0.853071749 0.521760046 -0.457917035
0.999974430 -0.003721743 -0.006104139 -0.119863115 -0.003313597 0.515291989 -0.857008338 0.497580916 0.006334979 0.857006669 0.515266538 -0.227980822
0.999978364 -0.004894126 -0.004392447 -0.136941284 -0.001184992 0.522897780 -0.852394521 0.314540774 0.006468531 0.852381289 0.522880733 -0.410607249
0.999976218 -0.006225270 -0.002971275 -0.132646963 0.000781059 0.530158401 -0.847898245 0.129909024 0.006853642 0.847875774 0.530150652 -0.582226753
0.999959528 -0.008985547 -0.000599289 -0.139269143 0.004336923 0.538819909 -0.842409790 -0.107075453 0.007892422 0.842373013 0.538837075 -0.798307478
0.999896288 -0.014368969 0.001045219 -0.078679830 0.008758853 0.548693776 -0.835977554 -0.420843393 0.011438630 0.835900009 0.548762679 -1.002197862
0.999927759 -0.012009385 -0.000633203 -0.122499719 0.005978037 0.542051196 -0.840324163 -0.213346809 0.010435006 0.840259671 0.542083800 -0.937729478
0.999877095 -0.015680794 0.000042775 -0.054034084 0.008694954 0.552154839 -0.833696306 -0.489746213 0.013049399 0.833594143 0.552223325 -1.095960140
0.999973834 -0.006290984 -0.003579536 -0.143318802 0.000298200 0.529930949 -0.848040760 0.128107935 0.007231916 0.848017454 0.529918909 -0.669202328
0.999975622 -0.006205907 -0.003202571 -0.129784286 0.000552066 0.527401626 -0.849615932 0.160427526 0.006961680 0.849593341 0.527392209 -0.549360394
0.999971449 -0.006526890 -0.003804316 -0.093681373 0.000229544 0.529588521 -0.848254681 0.113957703 0.007551187 0.848229706 0.529574811 -0.624289036
0.999944448 -0.010537694 0.000162753 -0.143703550 0.005852083 0.542340875 -0.840138078 -0.192616880 0.008764852 0.840092540 0.542372465 -0.968976617
0.999968886 -0.007129041 -0.003372334 -0.102647305 0.000911953 0.529270530 -0.848452568 0.136466801 0.007833530 0.848423243 0.529260576 -0.619614899
0.999969006 -0.003130388 -0.007230255 -0.067535467 -0.004568944 0.517225623 -0.855836928 0.436843455 0.006418773 0.855843484 0.517195225 -0.310566783
0.999959230 -0.008579037 -0.002815992 -0.093380474 0.002187841 0.532784522 -0.846248090 -0.007941216 0.008760312 0.846207380 0.532781601 -0.711153507
0.999966860 -0.007981770 -0.001599877 -0.123074442 0.002908314 0.533845961 -0.845576704 -0.028077245 0.007603287 0.845544040 0.533851445 -0.767100573
0.999964237 -0.008377563 -0.001121919 -0.133472249 0.003533301 0.534892917 -0.844912589 -0.047341853 0.007678413 0.844878316 0.534903407 -0.790178418
0.999959469 -0.008630278 -0.002578381 -0.103079058 0.002413237 0.532492697 -0.846431077 -0.002916336 0.008677905 0.846390545 0.532491982 -0.725023985
0.999958575 -0.008661778 -0.002799881 -0.096432939 0.002248692 0.533084869 -0.846058726 -0.006118059 0.008820947 0.846017480 0.533082247 -0.712624192
0.999959111 -0.008497819 -0.003086683 -0.090685770 0.001941470 0.535271764 -0.844677746 -0.009285748 0.008830133 0.844637275 0.535266399 -0.711353183
0.999956310 -0.008772136 -0.003211740 -0.093432240 0.001992553 0.536185145 -0.844097972 -0.008993536 0.009126630 0.844054878 0.536179185 -0.715120375
0.999960303 -0.008280942 -0.003271659 -0.090457119 0.001701925 0.538437068 -0.842664003 -0.012708843 0.008739633 0.842625082 0.538429856 -0.707088530
0.999957979 -0.008517828 -0.003388301 -0.080720194 0.001758073 0.540951848 -0.841051698 -0.018099546 0.008996842 0.841010451 0.540944099 -0.709167600
0.999954879 -0.008856030 -0.003447197 -0.097835451 0.001845147 0.536761284 -0.843732119 -0.006348789 0.009322439 0.843687713 0.536753356 -0.712234259
0.999955952 -0.008960415 -0.002814538 -0.089279130 0.002470555 0.540065825 -0.841619134 -0.018393010 0.009061292 0.841575027 0.540064156 -0.710222661
0.999952614 -0.008972686 -0.003766729 -0.088271827 0.001691810 0.541474104 -0.840715647 -0.004626542 0.009583064 0.840669572 0.541463614 -0.713681698
0.999932826 -0.009786827 -0.006203616 -0.079713985 0.000298729 0.556973219 -0.830530345 -0.018879980 0.011583504 0.830472767 0.556938708 -0.712714314
0.999913335 -0.010435326 -0.008021447 -0.030247832 -0.000214041 0.596464872 -0.802639186 -0.130733460 0.013160313 0.802571356 0.596410990 -0.750979722
0.999884069 -0.007676021 -0.013146455 0.024567626 -0.004942883 0.653084636 -0.757268786 0.145733207 0.014398563 0.757246017 0.652971029 -0.408517450
0.999670148 -0.008862100 -0.024104878 0.016555574 -0.010109097 0.727029383 -0.686531901 0.120532915 0.023609070 0.686549067 0.726700068 -0.393815815
0.999549925 -0.005918032 -0.029409090 0.011883720 -0.011250661 0.834837973 -0.550380707 0.094390079 0.027808992 0.550463974 0.834395707 -0.288684040
0.999722421 -0.003334319 -0.023320029 0.014612021 -0.005930196 0.922431231 -0.386115730 0.088271953 0.022798555 0.386146903 0.922155559 -0.235226989
0.999887228 -0.002066420 -0.014884971 0.000423590 -0.000654399 0.983573854 -0.180504352 0.063413486 0.015013467 0.180493772 0.983461559 -0.084608406
0.999946654 -0.000909615 -0.010290334 0.014373805 0.000840660 0.999977052 -0.006703138 0.032623239 0.010296199 0.006694183 0.999924600 -0.015991516
0.999980986 -0.000017141 -0.006173167 0.005684321 0.000443556 0.997610867 0.069080904 0.019540925 0.006157237 -0.069082290 0.997591913 0.012349755
0.999995410 0.003013197 -0.000284380 -0.000421977 -0.002956192 0.992562711 0.121698670 -0.003153050 0.000648967 -0.121697284 0.992567062 0.042701211
0.999992847 0.003769798 0.000455002 -0.001888416 -0.003797157 0.992792964 0.119781598 -0.004192363 -0.000000171 -0.119782463 0.992800176 0.041015022
0.999992728 0.003575642 0.001323618 -0.001999338 -0.003692990 0.994671166 0.103032790 -0.005009346 -0.000948156 -0.103036918 0.994677126 0.038109321
0.999992251 0.003221122 0.002229355 -0.001214349 -0.003406115 0.996055484 0.088668160 -0.004326444 -0.001934950 -0.088675067 0.996058762 0.037262909
0.999979019 0.004666579 0.004503532 -0.001641784 -0.005006971 0.996878326 0.078794494 -0.005661615 -0.004121772 -0.078815393 0.996880770 0.033687141
0.999974132 0.005714524 0.004366373 -0.000825317 -0.005946521 0.998462677 0.055109739 -0.005977153 -0.004044735 -0.055134274 0.998470783 0.029390225
0.999973595 0.005133332 0.005146420 -0.001812329 -0.005487983 0.997429192 0.071448259 -0.006774582 -0.004766421 -0.071474612 0.997431040 0.031049898
0.999968886 0.004849318 0.006230514 -0.002694007 -0.005325732 0.996870399 0.078873709 -0.007512121 -0.005828531 -0.078904435 0.996865213 0.032696787
0.999972880 0.005345732 0.005064387 -0.003017331 -0.005641609 0.998162389 0.060332537 -0.007869241 -0.004732559 -0.060359456 0.998165607 0.028594585
0.999964058 0.005660519 0.006317900 -0.004248478 -0.006116912 0.997185349 0.074724711 -0.008845913 -0.005877137 -0.074760668 0.997184157 0.034548439
0.999965906 0.005621526 0.006055488 -0.003006576 -0.006032080 0.997524321 0.070062786 -0.009000014 -0.005646637 -0.070096925 0.997524261 0.029333733
0.999976218 0.004907932 0.004833603 -0.000575107 -0.005192451 0.998140991 0.060724728 -0.009626949 -0.004526585 -0.060748383 0.998142838 0.026408494
0.999971032 0.004788100 0.005900788 -0.002056420 -0.005203390 0.997354805 0.072499648 -0.009716489 -0.005538043 -0.072528258 0.997350991 0.029196942
0.999978602 0.003854840 0.005296379 -0.001586505 -0.004216605 0.997532189 0.070083134 -0.008348887 -0.005013149 -0.070103966 0.997527182 0.030471684
0.999969363 0.005324510 0.005736216 -0.004065947 -0.005686331 0.997867346 0.065025754 -0.008757649 -0.005377753 -0.065056384 0.997867167 0.026949726
0.999973238 0.004495607 0.005769855 -0.002250706 -0.004903713 0.997335672 0.072783940 -0.008042967 -0.005427274 -0.072810292 0.997331083 0.030349085
0.999973118 0.004759142 0.005577478 -0.002726213 -0.005117246 0.997802854 0.066055469 -0.009843782 -0.005250856 -0.066082232 0.997800410 0.027468987
0.999977171 0.004262310 0.005255171 -0.001511317 -0.004614251 0.997613847 0.068885505 -0.007827943 -0.004949021 -0.068908185 0.997610688 0.030302722
0.999976993 0.003956271 0.005514072 -0.001995831 -0.004318302 0.997725427 0.067269653 -0.007967668 -0.005235393 -0.067291923 0.997719586 0.028946266
0.999974072 0.004804258 0.005375712 -0.003108872 -0.005140847 0.997907221 0.064458244 -0.008586060 -0.005054787 -0.064484194 0.997905970 0.027925365
0.999981940 0.003372024 0.004972533 -0.001024654 -0.003711927 0.997539282 0.070011288 -0.008060306 -0.004724218 -0.070028469 0.997533798 0.031096188
0.999972403 0.004644970 0.005789024 -0.003587727 -0.005016277 0.997815728 0.065868512 -0.009946114 -0.005470422 -0.065895736 0.997811556 0.027817218
0.999978840 0.003747078 0.005326377 -0.002468158 -0.004099788 0.997688472 0.067829281 -0.008356443 -0.005059903 -0.067849673 0.997682750 0.029006897
0.999976397 0.004133346 0.005480546 -0.002324110 -0.004511227 0.997478068 0.070832141 -0.008336240 -0.005173950 -0.070855193 0.997473240 0.029208321
0.999975145 0.004625281 0.005321430 -0.002085579 -0.004956468 0.997937202 0.064006396 -0.008701746 -0.005014404 -0.064031176 0.997935355 0.028694963
0.999976933 0.004350506 0.005209746 -0.002219070 -0.004694663 0.997675598 0.067980573 -0.008011804 -0.004901886 -0.068003461 0.997673035 0.029140184
0.999974668 0.004443485 0.005562239 -0.002663262 -0.004814776 0.997631013 0.068622537 -0.008424319 -0.005244139 -0.068647563 0.997627258 0.028878344
0.999980986 0.003740933 0.004895794 -0.002995413 -0.004053687 0.997843385 0.065514326 -0.008753139 -0.004640150 -0.065532923 0.997839689 0.027632119
0.999978602 0.004192002 0.005003205 -0.001813936 -0.004527302 0.997606158 0.069003396 -0.008095302 -0.004701965 -0.069024585 0.997603893 0.030323820
0.999975920 0.004661568 0.005129687 -0.002498404 -0.004987342 0.997843802 0.065443538 -0.007977911 -0.004813556 -0.065467544 0.997843146 0.029339492
0.999978542 0.004308897 0.004927425 -0.001828490 -0.004630057 0.997732759 0.067140512 -0.006738051 -0.004626952 -0.067161880 0.997731388 0.030827215
0.999980628 0.003661753 0.005022112 -0.001480139 -0.003992988 0.997703433 0.067614309 -0.008830864 -0.004762992 -0.067633055 0.997698963 0.030144516
0.999977708 0.004367052 0.005042215 -0.001864946 -0.004690183 0.997811317 0.065959960 -0.007705355 -0.004743128 -0.065982148 0.997809529 0.029018456
0.999975979 0.004520143 0.005242789 -0.002082517 -0.004866067 0.997676015 0.067962408 -0.007086570 -0.004923406 -0.067986295 0.997674048 0.030621855
0.999979496 0.004040865 0.004962382 -0.001174569 -0.004361056 0.997789860 0.066305444 -0.007762971 -0.004683483 -0.066325724 0.997787058 0.030452482
0.999979138 0.004085417 0.005001892 -0.001585773 -0.004415347 0.997686923 0.067831688 -0.007109287 -0.004713202 -0.067852363 0.997684240 0.031442411
0.999981880 0.003676058 0.004771653 -0.002050960 -0.003987846 0.997740388 0.067067280 -0.006959357 -0.004514328 -0.067085087 0.997737050 0.030691722
0.999981165 0.003960949 0.004693259 -0.001633735 -0.004266839 0.997739255 0.067067415 -0.006851562 -0.004416998 -0.067086175 0.997737408 0.030741377
0.999978065 0.004148059 0.005160473 -0.001601847 -0.004486450 0.997716546 0.067389823 -0.006608165 -0.004869153 -0.067411497 0.997713327 0.031129261
0.999981105 0.003658258 0.004929656 -0.001421698 -0.003978047 0.997778296 0.066504166 -0.008206598 -0.004675414 -0.066522524 0.997774005 0.029499251
0.999979019 0.004122908 0.004999984 -0.001476646 -0.004450581 0.997716129 0.067399040 -0.006554410 -0.004710685 -0.067419879 0.997713566 0.030772641
0.999975383 0.004903715 0.005013539 -0.001896078 -0.005222722 0.997823656 0.065732278 -0.006073591 -0.004680296 -0.065756850 0.997824669 0.031256050
0.999976456 0.004584298 0.005104524 -0.001712815 -0.004917558 0.997719824 0.067312337 -0.006662626 -0.004784305 -0.067335859 0.997718871 0.030908726
0.999975920 0.004320282 0.005444574 -0.003251228 -0.004677614 0.997713387 0.067424364 -0.009117366 -0.005140833 -0.067448214 0.997709453 0.028240629
0.999974489 0.004638101 0.005441908 -0.002569630 -0.004993766 0.997722030 0.067274794 -0.008652817 -0.005117484 -0.067300245 0.997719586 0.028736616
0.999981046 0.003687276 0.004929807 -0.001743568 -0.004012948 0.997692764 0.067772090 -0.006763478 -0.004668537 -0.067790590 0.997688651 0.031078594
0.999974370 0.004546310 0.005531512 -0.002532441 -0.004905879 0.997752428 0.066828206 -0.008110093 -0.005215257 -0.066853628 0.997749150 0.029235365
0.999980271 0.003682323 0.005095478 -0.001560470 -0.004016738 0.997727633 0.067256302 -0.007174691 -0.004836239 -0.067275442 0.997722685 0.030213496
0.999975562 0.004452752 0.005389140 -0.003015013 -0.004806574 0.997705758 0.067528524 -0.008686630 -0.005076088 -0.067552775 0.997702777 0.030425997
0.999975681 0.004676912 0.005181603 -0.002303848 -0.005018834 0.997667968 0.068068899 -0.011003389 -0.004851167 -0.068093240 0.997667193 0.028887713
0.999978065 0.004053568 0.005232905 -0.002271502 -0.004395075 0.997743905 0.066990539 -0.008166347 -0.004949548 -0.067012072 0.997739971 0.029635226
0.999972880 0.005073740 0.005337515 -0.002705953 -0.005423081 0.997696996 0.067611821 -0.008464720 -0.004982178 -0.067638941 0.997697413 0.029107742
0.999974966 0.004707949 0.005279765 -0.002537801 -0.005053527 0.997708201 0.067472756 -0.009781238 -0.004950007 -0.067497753 0.997707129 0.030387338
0.999974608 0.004701373 0.005342920 -0.002122837 -0.005051711 0.997701824 0.067568883 -0.008107532 -0.005012974 -0.067594171 0.997700393 0.029229160
0.999970734 0.005071092 0.005715578 -0.003838612 -0.005446774 0.997687221 0.067753658 -0.009705826 -0.005358774 -0.067782812 0.997685730 0.027742991
0.999972761 0.005025713 0.005407387 -0.002331343 -0.005378597 0.997714460 0.067356758 -0.009119255 -0.005056513 -0.067384005 0.997714281 0.029807599
0.999975324 0.004753998 0.005181219 -0.002841947 -0.005092203 0.997716665 0.067346014 -0.008370009 -0.004849226 -0.067370728 0.997716248 0.028330278
0.999971569 0.005209919 0.005449628 -0.002479717 -0.005564606 0.997721732 0.067233674 -0.009362927 -0.005086931 -0.067262091 0.997722328 0.030381842
0.999979615 0.004015685 0.004953170 -0.001590080 -0.004338786 0.997740448 0.067045137 -0.007702349 -0.004672746 -0.067065261 0.997737706 0.029595586
0.999981821 0.003795546 0.004681047 -0.001635721 -0.004099698 0.997759640 0.066776223 -0.006716352 -0.004417107 -0.066794209 0.997756958 0.031469442
0.999979913 0.004025349 0.004898019 -0.001737357 -0.004343690 0.997755527 0.066820756 -0.006386289 -0.004618048 -0.066840693 0.997752964 0.030559584
0.999975145 0.004671592 0.005283775 -0.002048672 -0.005017042 0.997715056 0.067375809 -0.006778231 -0.004956950 -0.067400642 0.997713685 0.030356066
0.999978602 0.004399564 0.004845060 -0.001635794 -0.004713852 0.997749150 0.066890880 -0.006712058 -0.004539864 -0.066912301 0.997748494 0.030414226
0.999976516 0.004652146 0.005021728 -0.001717761 -0.004978808 0.997731984 0.067127667 -0.007683998 -0.004698050 -0.067151099 0.997731745 0.029152185
0.999977410 0.004661043 0.004850284 -0.001805708 -0.004975357 0.997744024 0.066947870 -0.007248666 -0.004527295 -0.066970482 0.997744620 0.029893339
0.999972403 0.005293899 0.005204646 -0.002630528 -0.005631225 0.997731030 0.067090593 -0.007879483 -0.004837665 -0.067118049 0.997733295 0.028770695
0.999972582 0.005236251 0.005235778 -0.001794481 -0.005574105 0.997754514 0.066744350 -0.007027550 -0.004874531 -0.066771708 0.997756302 0.029206553
0.999971271 0.005022255 0.005674131 -0.003415404 -0.005390808 0.997743487 0.066922918 -0.008928027 -0.005325224 -0.066951588 0.997741938 0.027333926
0.999974191 0.004876965 0.005275236 -0.003515573 -0.005221333 0.997714579 0.067367464 -0.007972007 -0.004934630 -0.067393266 0.997714281 0.028515631
0.999976277 0.004640745 0.005076341 -0.001981008 -0.004970845 0.997735560 0.067074239 -0.007873791 -0.004753572 -0.067097887 0.997735083 0.028680027
0.999980986 0.003819994 0.004829301 -0.001622210 -0.004133341 0.997768939 0.066633195 -0.006788242 -0.004563987 -0.066651888 0.997765899 0.030918468
0.999981761 0.003529303 0.004902616 -0.001579286 -0.003851355 0.997724473 0.067313559 -0.006088628 -0.004653890 -0.067331225 0.997719765 0.031202186
0.999980509 0.004104023 0.004708530 -0.001710838 -0.004406249 0.997804463 0.066082232 -0.006072491 -0.004426989 -0.066101685 0.997803092 0.030863462
0.999975741 0.004540819 0.005274887 -0.001955826 -0.004884763 0.997731984 0.067133829 -0.006913620 -0.004958081 -0.067157976 0.997730076 0.030912040
0.999980748 0.003611420 0.005041120 -0.001596548 -0.003941990 0.997732699 0.067183897 -0.007005439 -0.004787061 -0.067202471 0.997727871 0.030805485
0.999980688 0.004074768 0.004690901 -0.001148869 -0.004377035 0.997787416 0.066340730 -0.006479041 -0.004410199 -0.066359974 0.997786045 0.031510685
0.999980927 0.003670063 0.004972314 -0.001619483 -0.003997217 0.997713447 0.067467347 -0.006752794 -0.004713335 -0.067485943 0.997709095 0.030907549
0.999981761 0.003724968 0.004741806 -0.001297982 -0.004032709 0.997769177 0.066636540 -0.006911458 -0.004483008 -0.066654451 0.997766137 0.031057831
0.999981582 0.003847430 0.004686640 -0.001754801 -0.004152339 0.997751832 0.066888742 -0.007054999 -0.004418754 -0.066906974 0.997749388 0.031796802
0.999979556 0.004449411 0.004589870 -0.001399460 -0.004747856 0.997727990 0.067203671 -0.006805789 -0.004280424 -0.067224093 0.997728705 0.030642001
0.999981344 0.003902723 0.004683453 -0.001315895 -0.004204166 0.997798860 0.066180870 -0.006594234 -0.004414857 -0.066199332 0.997796714 0.030903451
