1.000000000 0.000000000 0.000000000 0.000000000 0.000000000 1.000000000 0.000000000 0.000000000 0.000000000 0.000000000 1.000000000 0.000000000
0.991778255 -0.031334281 -0.124072574 0.000317060 0.044164039 0.993799090 0.102044798 0.000171364 0.120105684 -0.106685385 0.987012088 -0.000820046
0.985255122 -0.010262481 -0.170783460 -0.000500519 0.038460087 0.985936880 0.162631869 -0.000734605 0.166712731 -0.166802227 0.971794069 -0.000682467
0.981414020 0.003393117 -0.191872299 0.000134622 0.036128651 0.978697598 0.202103198 -0.000425726 0.188470691 -0.205279008 0.960384965 -0.001231883
0.978781641 0.019028384 -0.204020545 0.000190505 0.030307898 0.971282780 0.235989735 -0.000378023 0.202652171 -0.237165883 0.950097024 -0.001565854
0.976255655 0.031087011 -0.214379489 0.000437600 0.025717486 0.966017187 0.257195413 -0.000524607 0.215089709 -0.256601781 0.942280233 -0.002033415
0.971217632 0.046716869 -0.233567610 0.000266064 0.024885697 0.955310404 0.294555157 -0.000428736 0.236890227 -0.291889697 0.926651776 -0.003251032
0.968156159 0.045193665 -0.246234030 0.000594548 0.036840342 0.947143137 0.318689018 -0.000589963 0.247621566 -0.317612082 0.915317476 -0.002826173
0.965305090 0.044333324 -0.257333815 0.000320544 0.048265852 0.938208640 0.342687845 -0.000923881 0.256625295 -0.343218744 0.903517783 -0.003940091
0.960802257 0.033437964 -0.275211036 0.000694450 0.074559852 0.924959123 0.372681350 -0.000775987 0.267020673 -0.378592700 0.886209667 -0.004204634
0.955288649 0.037408918 -0.293299228 0.000440138 0.086498849 0.913208544 0.398205906 -0.000629926 0.282739878 -0.405771583 0.869141877 -0.005359954
0.950845480 0.046960499 -0.306084245 0.000507596 0.088292465 0.906292617 0.413325548 -0.000245752 0.296811908 -0.420033664 0.857598066 -0.005677389
0.944299698 0.063173041 -0.322965890 0.000619724 0.088227823 0.896874905 0.433394998 -0.000804972 0.317038864 -0.437749505 0.841345131 -0.006235979
0.939488649 0.074083209 -0.334473908 0.000899299 0.088601798 0.890574276 0.446124494 -0.000989100 0.330924183 -0.448763847 0.830120623 -0.006110545
0.934924662 0.085063450 -0.344499737 0.000414106 0.089392982 0.883070350 0.460646868 -0.000707147 0.343401760 -0.461465925 0.818000257 -0.006661754
0.926646709 0.089691870 -0.365076900 0.000680717 0.105584979 0.869938731 0.481724322 -0.001255880 0.360801339 -0.484934837 0.796655774 -0.007249549
0.921548605 0.092278183 -0.377137780 0.000816635 0.115185410 0.862639189 0.492530167 -0.001317221 0.370783627 -0.497331262 0.784334838 -0.007384920
0.914910793 0.101260699 -0.390748769 0.000857784 0.122022890 0.853353918 0.506850660 -0.000818483 0.384771049 -0.511403441 0.768386483 -0.006797678
0.907362998 0.109706283 -0.405779541 0.000846662 0.131013662 0.843446314 0.520992935 -0.001797567 0.399409533 -0.525892437 0.750938892 -0.008088630
0.900785089 0.110813268 -0.419888914 0.000576375 0.143412411 0.836740494 0.528486729 -0.002193259 0.409901410 -0.536270201 0.737831354 -0.009167438
0.889482498 0.109244041 -0.443719059 0.000623042 0.164675891 0.829135001 0.534244418 -0.003223611 0.426266015 -0.548270822 0.719511211 -0.010802927
0.881173611 0.111704752 -0.459407449 0.000280058 0.175672799 0.824766457 0.537493527 -0.002894632 0.438944519 -0.554330468 0.707138896 -0.010863150
0.866415501 0.115668483 -0.485741585 0.000439428 0.192509606 0.820212722 0.538693905 -0.002833696 0.460721344 -0.560242772 0.688377559 -0.011238635
0.855521083 0.117047355 -0.504364669 0.000491962 0.205387548 0.817476749 0.538096428 -0.003234941 0.475289136 -0.563942969 0.675328434 -0.012558738
0.834147811 0.118016139 -0.538766682 0.000729830 0.234051079 0.808779776 0.539532602 -0.003659553 0.499417186 -0.576148927 0.647019982 -0.012428299
0.814339340 0.107740872 -0.570301116 0.000211939 0.272563607 0.796529055 0.539676309 -0.002950321 0.512406588 -0.594923019 0.619278669 -0.011071367
0.805461287 0.105670698 -0.583151579 0.000117429 0.291872114 0.785644174 0.545503438 -0.003343859 0.515793443 -0.609587610 0.601963580 -0.011099400
0.791091859 0.113311306 -0.601110876 0.000142989 0.309472561 0.773509979 0.553090394 -0.002654342 0.527636647 -0.623572648 0.576850712 -0.010901868
0.779235303 0.119106971 -0.615309715 0.000015187 0.317404628 0.771559119 0.551317334 -0.002965787 0.540413499 -0.624908030 0.563420892 -0.011308840
0.758514643 0.130759656 -0.638402224 0.000293900 0.330065131 0.767611623 0.549390078 -0.003744184 0.561882854 -0.627434671 0.539085507 -0.011648631
0.743538320 0.133281305 -0.655276299 0.000277668 0.342896849 0.765295863 0.544742227 -0.004051795 0.574084044 -0.629728854 0.523325026 -0.012084739
0.728034973 0.133697912 -0.672376394 0.000539080 0.357114702 0.763248086 0.538443625 -0.003702705 0.585178614 -0.632121325 0.507925749 -0.011178762
0.702405691 0.142639473 -0.697337925 0.000945869 0.372489959 0.761183798 0.530896008 -0.004645303 0.606528997 -0.632655740 0.481528014 -0.011393845
0.679355264 0.144012794 -0.719539165 0.001294621 0.387043417 0.762746096 0.518088758 -0.004727646 0.623437047 -0.630459309 0.462436438 -0.012096672
0.653689981 0.148388848 -0.742071629 0.001028325 0.396728039 0.767840445 0.503018975 -0.004321697 0.644434929 -0.623219013 0.443059623 -0.011746025
0.614443183 0.159050062 -0.772762895 0.001219523 0.409171581 0.773209810 0.484484643 -0.004407221 0.674565256 -0.613880873 0.410014898 -0.011358421
0.600362659 0.161935151 -0.783161283 -0.004646398 0.418535352 0.770846426 0.480233312 -0.002031805 0.681463778 -0.616094828 0.395011932 -0.007820716
0.592717469 0.171691895 -0.786897659 0.001210399 0.413546592 0.773512363 0.480268449 -0.005003284 0.691133261 -0.610082388 0.387471676 -0.012051051
0.568312168 0.178345159 -0.803252280 0.003191337 0.420759529 0.775941372 0.469974607 -0.005590896 0.707094550 -0.605068326 0.365936548 -0.012845699
0.544214606 0.180796057 -0.819233298 0.003838550 0.434168518 0.774872780 0.459423244 -0.006003970 0.717863619 -0.605710208 0.343201101 -0.013273386
0.524195313 0.183756739 -0.831536353 0.004962167 0.444046080 0.774215579 0.451013625 -0.006156064 0.726665139 -0.605659664 0.324243784 -0.013817580
0.501584172 0.190272570 -0.843925118 0.005159304 0.445061386 0.779764056 0.440327495 -0.006004755 0.741844714 -0.596459806 0.306434333 -0.014558931
0.485402554 0.190246090 -0.853340924 0.005515391 0.450441331 0.782110095 0.430588394 -0.006435836 0.749324381 -0.593388677 0.293943495 -0.014244591
0.457919598 0.185077563 -0.869514883 0.010890445 0.463486671 0.784935653 0.411164403 -0.009534111 0.758610487 -0.591288626 0.273656398 -0.016466331
0.431546897 0.175189793 -0.884915709 0.012414330 0.481819898 0.784552991 0.390289783 -0.009982512 0.762638092 -0.594798326 0.254161417 -0.017456207
0.416969419 0.165894061 -0.893653095 0.013193408 0.497895181 0.780875623 0.377271265 -0.010356593 0.760419011 -0.602256060 0.243003294 -0.017928615
0.411241055 0.163459361 -0.896750748 0.012135195 0.499601185 0.782439530 0.371735036 -0.009233722 0.762416780 -0.600890279 0.240106717 -0.017156612
0.405493051 0.155655652 -0.900747955 0.013238473 0.508457541 0.780477524 0.363766193 -0.010697969 0.759635866 -0.605496705 0.237333745 -0.018631820
0.388599783 0.144613683 -0.909987509 0.013329124 0.515483916 0.784468532 0.344797850 -0.011450483 0.763719022 -0.603072166 0.230298206 -0.019281588
0.375007153 0.141165882 -0.916210651 0.014055663 0.517550588 0.788085878 0.333259702 -0.009552093 0.769097447 -0.599159956 0.222477391 -0.019020032
0.367443949 0.139214188 -0.919567585 0.014694303 0.516942918 0.791362524 0.326367021 -0.009123849 0.773146093 -0.595285296 0.218815625 -0.019137667
0.361767203 0.139198527 -0.921817958 0.014638158 0.513702095 0.795370936 0.321706802 -0.009161908 0.777968228 -0.589922547 0.216232598 -0.019481130
0.352670789 0.131721705 -0.926430106 0.015141814 0.521091163 0.794682801 0.311357141 -0.010748683 0.777230561 -0.592561066 0.211622387 -0.021964960
0.337391764 0.127536014 -0.932685077 0.015093105 0.525772393 0.796312153 0.299082458 -0.011223024 0.780852258 -0.591287911 0.201614231 -0.022073805
0.315296859 0.123353794 -0.940941989 0.015942154 0.528102577 0.801000535 0.281967968 -0.011837211 0.788476765 -0.585817337 0.187409416 -0.022973098
0.308232963 0.120454587 -0.943654120 0.015367123 0.525391996 0.805392742 0.274418771 -0.011482177 0.793067336 -0.580373228 0.184962690 -0.023130044
0.301553071 0.110331826 -0.947044134 0.015426822 0.529938221 0.806328416 0.262678504 -0.011807079 0.792610466 -0.581086397 0.184681684 -0.023384228
0.292759061 0.101983450 -0.950732052 0.016675524 0.535280108 0.806416512 0.251331806 -0.011703158 0.792317748 -0.582487643 0.181496009 -0.023657458
0.280328035 0.092162497 -0.955469728 0.016675342 0.546709001 0.802833319 0.237840116 -0.011964422 0.789002895 -0.589037061 0.174670607 -0.024210509
0.272189975 0.092504270 -0.957786739 0.016992008 0.546832502 0.804147720 0.233067945 -0.012933209 0.791761875 -0.587187707 0.168296605 -0.025148995
0.266438127 0.097870797 -0.958870053 0.018158311 0.541433632 0.807840526 0.232901767 -0.013402635 0.797408521 -0.581218362 0.162249029 -0.025433473
0.269597739 0.104401067 -0.957296968 0.017809179 0.534007072 0.811043739 0.238840133 -0.013656774 0.801344872 -0.575594008 0.162904680 -0.025608974
0.275960177 0.112272650 -0.954589307 0.017642010 0.521344960 0.816880465 0.246790722 -0.013216244 0.807493329 -0.565774739 0.166893721 -0.025386140
0.293335468 0.114771307 -0.949095309 0.016955554 0.505416691 0.824068785 0.255860567 -0.012182106 0.811485231 -0.554741561 0.183721304 -0.025321834
0.306351423 0.119297072 -0.944413602 0.016551081 0.494671404 0.827687860 0.265015185 -0.012364728 0.813295245 -0.548362195 0.194550514 -0.024977827
0.330088347 0.124527961 -0.935700059 0.015838459 0.483842015 0.828819513 0.280989408 -0.011960325 0.810517550 -0.545482278 0.213331789 -0.025054611
0.340482712 0.131542504 -0.931003809 0.015493231 0.479238570 0.827616870 0.292199880 -0.012184168 0.808951139 -0.545661926 0.218748987 -0.023668658
0.363114655 0.140629739 -0.921070576 0.015065347 0.465622723 0.828869045 0.310115308 -0.011454294 0.807058334 -0.541478753 0.235494107 -0.023382768
0.385862529 0.146787152 -0.910803914 0.014165649 0.450371951 0.831654668 0.324831575 -0.011018006 0.805155396 -0.535540879 0.254795521 -0.022362575
0.403328210 0.143712610 -0.903699756 0.013309312 0.441493899 0.834476292 0.329746306 -0.009592688 0.801504552 -0.531973898 0.273119539 -0.021544797
0.440719396 0.144725353 -0.885901392 0.012228869 0.421795785 0.837787151 0.346700609 -0.010145630 0.792372942 -0.526467085 0.308184445 -0.020953970
0.466740549 0.144980088 -0.872429907 0.011268574 0.405522197 0.841572285 0.356802166 -0.009266650 0.785942078 -0.520323813 0.334003270 -0.019155309
0.511558771 0.141582727 -0.847503364 0.010010508 0.382587790 0.845631003 0.372202545 -0.009001940 0.769372582 -0.514647841 0.378422171 -0.018155666
0.543567657 0.138170525 -0.827914953 0.007874766 0.366836846 0.848066151 0.382380307 -0.008715130 0.754960299 -0.511559308 0.410295218 -0.017326266
0.588896215 0.129499421 -0.797766328 0.005299699 0.347010225 0.850952268 0.394289464 -0.006711815 0.729921341 -0.509028614 0.456184924 -0.014378021
0.620408118 0.126709685 -0.773975611 0.004014875 0.326526552 0.855532825 0.401800811 -0.006307141 0.713073611 -0.502004087 0.489405543 -0.013133485
0.665524483 0.124913327 -0.735849023 0.004742482 0.294952899 0.861631572 0.413030028 -0.006787775 0.685623765 -0.491922349 0.536593378 -0.013449769
0.692579269 0.127997652 -0.709894896 0.002049638 0.267381936 0.868471384 0.417449892 -0.005288950 0.669955850 -0.478930205 0.567260981 -0.012214791
0.738203585 0.122471578 -0.663367391 -0.000894811 0.233521715 0.876183510 0.421627790 -0.002849371 0.632869005 -0.466157645 0.618201971 -0.006954648
0.777881086 0.118016779 -0.617230415 -0.005229398 0.205348670 0.880548596 0.427160501 -0.001560779 0.593913257 -0.459027469 0.660727501 -0.005225176
0.815142095 0.118165337 -0.567080557 -0.002448753 0.169198349 0.887708724 0.428188145 -0.002715531 0.553999364 -0.444983184 0.703615367 -0.007908145
0.838158369 0.115619093 -0.533031702 -0.002701933 0.151745960 0.889259279 0.431498706 -0.003390336 0.523892879 -0.442549646 0.727795362 -0.009198174
0.864626944 0.114320971 -0.489235073 -0.001313691 0.127653196 0.891824603 0.433997124 -0.003490459 0.485926926 -0.437698007 0.756502151 -0.010997988
0.894983888 0.107989796 -0.432830185 -0.001755085 0.103573881 0.893441319 0.437075585 -0.003916141 0.433908105 -0.436005503 0.788430631 -0.012621845
0.922960937 0.091577865 -0.373839974 -0.001319942 0.087845407 0.895526409 0.436251611 -0.004585700 0.374734610 -0.435483426 0.818491340 -0.014400321
0.940075636 0.083384700 -0.330612540 -0.000944577 0.073793747 0.896898210 0.436037034 -0.005247356 0.332884550 -0.434305012 0.836998820 -0.015621703
0.960762143 0.077307492 -0.266382515 0.000194331 0.048419528 0.898884535 0.435502142 -0.006487904 0.273114711 -0.431312084 0.859871089 -0.020153860
0.976607621 0.083814792 -0.198021665 0.001510795 0.011513594 0.899202943 0.437380224 -0.006590359 0.214720607 -0.429428846 0.877203405 -0.021264739
0.987173319 0.097702011 -0.126266211 0.002972670 -0.032880031 0.898345292 0.438057601 -0.008658555 0.156229779 -0.428287178 0.890035033 -0.024474166
0.992064416 0.116086438 -0.048292231 0.004687810 -0.084387228 0.899501860 0.428690106 -0.011572007 0.093204059 -0.421212941 0.902159989 -0.032947455
0.991399944 0.126972064 0.031690262 0.007148590 -0.128525451 0.899078846 0.418495446 -0.015193740 0.024645187 -0.418969363 0.907665849 -0.041374404
0.982762039 0.122135125 0.138786256 0.006196331 -0.168648615 0.899810076 0.402367294 -0.019130664 -0.075738095 -0.418837488 0.904897094 -0.048221365
0.969936252 0.140621707 0.198618308 0.013593230 -0.207604423 0.903974354 0.373805761 -0.023344019 -0.126980662 -0.403801858 0.905991197 -0.060199745
0.949693382 0.148289382 0.275849134 0.015441442 -0.243438363 0.903662324 0.352323741 -0.027398117 -0.197028652 -0.401751816 0.894301534 -0.067640826
0.920986772 0.167429075 0.351782084 0.017214149 -0.287607580 0.901274085 0.324016809 -0.030932698 -0.262802213 -0.399590492 0.878215492 -0.076357372
0.873361647 0.197551489 0.445211023 0.014286622 -0.341970563 0.899584651 0.271668166 -0.028845642 -0.346836567 -0.389513612 0.853219509 -0.084409460
0.828595281 0.207437322 0.519999623 0.013932645 -0.371643126 0.898457587 0.233784944 -0.035706475 -0.418701857 -0.386967391 0.821550369 -0.092688672
0.768204153 0.230063230 0.597438931 0.010430440 -0.410876423 0.892826080 0.184505090 -0.042091504 -0.490961283 -0.387211144 0.780400276 -0.102493182
0.702687562 0.239416227 0.670007467 0.014806543 -0.432708502 0.891321003 0.135315105 -0.045398183 -0.564795077 -0.385002226 0.729917645 -0.103731737
0.635494947 0.245031461 0.732192457 0.025373880 -0.448438764 0.889099836 0.091674134 -0.044143941 -0.628529131 -0.386601925 0.674900055 -0.098104104
0.561197460 0.256424427 0.786958635 0.029611435 -0.462762684 0.885511637 0.041468967 -0.048135482 -0.686227500 -0.387447387 0.615610480 -0.103346929
0.497302234 0.262084752 0.827044249 0.041560091 -0.453610718 0.891147792 -0.009642355 -0.048221670 -0.739545703 -0.370360881 0.562054157 -0.104732230
0.403771251 0.267689466 0.874820650 0.032987371 -0.460920721 0.885528922 -0.058229335 -0.044473939 -0.790266275 -0.379711568 0.480934650 -0.096085191
0.403771251 0.267689466 0.874820650 0.032987371 -0.460920721 0.885528922 -0.058229335 -0.044473939 -0.790266275 -0.379711568 0.480934650 -0.096085191
0.403771251 0.267689466 0.874820650 0.032987371 -0.460920721 0.885528922 -0.058229335 -0.044473939 -0.790266275 -0.379711568 0.480934650 -0.096085191
0.403771251 0.267689466 0.874820650 0.032987371 -0.460920721 0.885528922 -0.058229335 -0.044473939 -0.790266275 -0.379711568 0.480934650 -0.096085191
0.403771251 0.267689466 0.874820650 0.032987371 -0.460920721 0.885528922 -0.058229335 -0.044473939 -0.790266275 -0.379711568 0.480934650 -0.096085191
0.403771251 0.267689466 0.874820650 0.032987371 -0.460920721 0.885528922 -0.058229335 -0.044473939 -0.790266275 -0.379711568 0.480934650 -0.096085191
0.403771251 0.267689466 0.874820650 0.032987371 -0.460920721 0.885528922 -0.058229335 -0.044473939 -0.790266275 -0.379711568 0.480934650 -0.096085191
0.403771251 0.267689466 0.874820650 0.032987371 -0.460920721 0.885528922 -0.058229335 -0.044473939 -0.790266275 -0.379711568 0.480934650 -0.096085191
0.403771251 0.267689466 0.874820650 0.032987371 -0.460920721 0.885528922 -0.058229335 -0.044473939 -0.790266275 -0.379711568 0.480934650 -0.096085191
0.403771251 0.267689466 0.874820650 0.032987371 -0.460920721 0.885528922 -0.058229335 -0.044473939 -0.790266275 -0.379711568 0.480934650 -0.096085191
0.403771251 0.267689466 0.874820650 0.032987371 -0.460920721 0.885528922 -0.058229335 -0.044473939 -0.790266275 -0.379711568 0.480934650 -0.096085191
0.403771251 0.267689466 0.874820650 0.032987371 -0.460920721 0.885528922 -0.058229335 -0.044473939 -0.790266275 -0.379711568 0.480934650 -0.096085191
0.403771251 0.267689466 0.874820650 0.032987371 -0.460920721 0.885528922 -0.058229335 -0.044473939 -0.790266275 -0.379711568 0.480934650 -0.096085191
0.403771251 0.267689466 0.874820650 0.032987371 -0.460920721 0.885528922 -0.058229335 -0.044473939 -0.790266275 -0.379711568 0.480934650 -0.096085191
0.403771251 0.267689466 0.874820650 0.032987371 -0.460920721 0.885528922 -0.058229335 -0.044473939 -0.790266275 -0.379711568 0.480934650 -0.096085191
0.403771251 0.267689466 0.874820650 0.032987371 -0.460920721 0.885528922 -0.058229335 -0.044473939 -0.790266275 -0.379711568 0.480934650 -0.096085191
0.403771251 0.267689466 0.874820650 0.032987371 -0.460920721 0.885528922 -0.058229335 -0.044473939 -0.790266275 -0.379711568 0.480934650 -0.096085191
0.403771251 0.267689466 0.874820650 0.032987371 -0.460920721 0.885528922 -0.058229335 -0.044473939 -0.790266275 -0.379711568 0.480934650 -0.096085191
0.403771251 0.267689466 0.874820650 0.032987371 -0.460920721 0.885528922 -0.058229335 -0.044473939 -0.790266275 -0.379711568 0.480934650 -0.096085191
0.403771251 0.267689466 0.874820650 0.032987371 -0.460920721 0.885528922 -0.058229335 -0.044473939 -0.790266275 -0.379711568 0.480934650 -0.096085191
0.403771251 0.267689466 0.874820650 0.032987371 -0.460920721 0.885528922 -0.058229335 -0.044473939 -0.790266275 -0.379711568 0.480934650 -0.096085191
0.403771251 0.267689466 0.874820650 0.032987371 -0.460920721 0.885528922 -0.058229335 -0.044473939 -0.790266275 -0.379711568 0.480934650 -0.096085191
0.403771251 0.267689466 0.874820650 0.032987371 -0.460920721 0.885528922 -0.058229335 -0.044473939 -0.790266275 -0.379711568 0.480934650 -0.096085191
0.403771251 0.267689466 0.874820650 0.032987371 -0.460920721 0.885528922 -0.058229335 -0.044473939 -0.790266275 -0.379711568 0.480934650 -0.096085191
0.403771251 0.267689466 0.874820650 0.032987371 -0.460920721 0.885528922 -0.058229335 -0.044473939 -0.790266275 -0.379711568 0.480934650 -0.096085191
0.403771251 0.267689466 0.874820650 0.032987371 -0.460920721 0.885528922 -0.058229335 -0.044473939 -0.790266275 -0.379711568 0.480934650 -0.096085191
0.403771251 0.267689466 0.874820650 0.032987371 -0.460920721 0.885528922 -0.058229335 -0.044473939 -0.790266275 -0.379711568 0.480934650 -0.096085191
0.403771251 0.267689466 0.874820650 0.032987371 -0.460920721 0.885528922 -0.058229335 -0.044473939 -0.790266275 -0.379711568 0.480934650 -0.096085191
0.403771251 0.267689466 0.874820650 0.032987371 -0.460920721 0.885528922 -0.058229335 -0.044473939 -0.790266275 -0.379711568 0.480934650 -0.096085191
0.403771251 0.267689466 0.874820650 0.032987371 -0.460920721 0.885528922 -0.058229335 -0.044473939 -0.790266275 -0.379711568 0.480934650 -0.096085191
0.403771251 0.267689466 0.874820650 0.032987371 -0.460920721 0.885528922 -0.058229335 -0.044473939 -0.790266275 -0.379711568 0.480934650 -0.096085191
0.403771251 0.267689466 0.874820650 0.032987371 -0.460920721 0.885528922 -0.058229335 -0.044473939 -0.790266275 -0.379711568 0.480934650 -0.096085191
0.403771251 0.267689466 0.874820650 0.032987371 -0.460920721 0.885528922 -0.058229335 -0.044473939 -0.790266275 -0.379711568 0.480934650 -0.096085191
0.403771251 0.267689466 0.874820650 0.032987371 -0.460920721 0.885528922 -0.058229335 -0.044473939 -0.790266275 -0.379711568 0.480934650 -0.096085191
0.403771251 0.267689466 0.874820650 0.032987371 -0.460920721 0.885528922 -0.058229335 -0.044473939 -0.790266275 -0.379711568 0.480934650 -0.096085191
0.403771251 0.267689466 0.874820650 0.032987371 -0.460920721 0.885528922 -0.058229335 -0.044473939 -0.790266275 -0.379711568 0.480934650 -0.096085191
0.403771251 0.267689466 0.874820650 0.032987371 -0.460920721 0.885528922 -0.058229335 -0.044473939 -0.790266275 -0.379711568 0.480934650 -0.096085191
0.403771251 0.267689466 0.874820650 0.032987371 -0.460920721 0.885528922 -0.058229335 -0.044473939 -0.790266275 -0.379711568 0.480934650 -0.096085191
0.403771251 0.267689466 0.874820650 0.032987371 -0.460920721 0.885528922 -0.058229335 -0.044473939 -0.790266275 -0.379711568 0.480934650 -0.096085191
0.403771251 0.267689466 0.874820650 0.032987371 -0.460920721 0.885528922 -0.058229335 -0.044473939 -0.790266275 -0.379711568 0.480934650 -0.096085191
0.403771251 0.267689466 0.874820650 0.032987371 -0.460920721 0.885528922 -0.058229335 -0.044473939 -0.790266275 -0.379711568 0.480934650 -0.096085191
0.403771251 0.267689466 0.874820650 0.032987371 -0.460920721 0.885528922 -0.058229335 -0.044473939 -0.790266275 -0.379711568 0.480934650 -0.096085191
0.403771251 0.267689466 0.874820650 0.032987371 -0.460920721 0.885528922 -0.058229335 -0.044473939 -0.790266275 -0.379711568 0.480934650 -0.096085191
0.403771251 0.267689466 0.874820650 0.032987371 -0.460920721 0.885528922 -0.058229335 -0.044473939 -0.790266275 -0.379711568 0.480934650 -0.096085191
0.403771251 0.267689466 0.874820650 0.032987371 -0.460920721 0.885528922 -0.058229335 -0.044473939 -0.790266275 -0.379711568 0.480934650 -0.096085191
0.403771251 0.267689466 0.874820650 0.032987371 -0.460920721 0.885528922 -0.058229335 -0.044473939 -0.790266275 -0.379711568 0.480934650 -0.096085191
0.403771251 0.267689466 0.874820650 0.032987371 -0.460920721 0.885528922 -0.058229335 -0.044473939 -0.790266275 -0.379711568 0.480934650 -0.096085191
0.403771251 0.267689466 0.874820650 0.032987371 -0.460920721 0.885528922 -0.058229335 -0.044473939 -0.790266275 -0.379711568 0.480934650 -0.096085191
0.403771251 0.267689466 0.874820650 0.032987371 -0.460920721 0.885528922 -0.058229335 -0.044473939 -0.790266275 -0.379711568 0.480934650 -0.096085191
0.403771251 0.267689466 0.874820650 0.032987371 -0.460920721 0.885528922 -0.058229335 -0.044473939 -0.790266275 -0.379711568 0.480934650 -0.096085191
0.403771251 0.267689466 0.874820650 0.032987371 -0.460920721 0.885528922 -0.058229335 -0.044473939 -0.790266275 -0.379711568 0.480934650 -0.096085191
0.403771251 0.267689466 0.874820650 0.032987371 -0.460920721 0.885528922 -0.058229335 -0.044473939 -0.790266275 -0.379711568 0.480934650 -0.096085191
0.403771251 0.267689466 0.874820650 0.032987371 -0.460920721 0.885528922 -0.058229335 -0.044473939 -0.790266275 -0.379711568 0.480934650 -0.096085191
0.403771251 0.267689466 0.874820650 0.032987371 -0.460920721 0.885528922 -0.058229335 -0.044473939 -0.790266275 -0.379711568 0.480934650 -0.096085191
0.403771251 0.267689466 0.874820650 0.032987371 -0.460920721 0.885528922 -0.058229335 -0.044473939 -0.790266275 -0.379711568 0.480934650 -0.096085191
0.403771251 0.267689466 0.874820650 0.032987371 -0.460920721 0.885528922 -0.058229335 -0.044473939 -0.790266275 -0.379711568 0.480934650 -0.096085191
0.403771251 0.267689466 0.874820650 0.032987371 -0.460920721 0.885528922 -0.058229335 -0.044473939 -0.790266275 -0.379711568 0.480934650 -0.096085191
0.403771251 0.267689466 0.874820650 0.032987371 -0.460920721 0.885528922 -0.058229335 -0.044473939 -0.790266275 -0.379711568 0.480934650 -0.096085191
0.403771251 0.267689466 0.874820650 0.032987371 -0.460920721 0.885528922 -0.058229335 -0.044473939 -0.790266275 -0.379711568 0.480934650 -0.096085191
0.403771251 0.267689466 0.874820650 0.032987371 -0.460920721 0.885528922 -0.058229335 -0.044473939 -0.790266275 -0.379711568 0.480934650 -0.096085191
0.403771251 0.267689466 0.874820650 0.032987371 -0.460920721 0.885528922 -0.058229335 -0.044473939 -0.790266275 -0.379711568 0.480934650 -0.096085191
0.403771251 0.267689466 0.874820650 0.032987371 -0.460920721 0.885528922 -0.058229335 -0.044473939 -0.790266275 -0.379711568 0.480934650 -0.096085191
0.403771251 0.267689466 0.874820650 0.032987371 -0.460920721 0.885528922 -0.058229335 -0.044473939 -0.790266275 -0.379711568 0.480934650 -0.096085191
0.403771251 0.267689466 0.874820650 0.032987371 -0.460920721 0.885528922 -0.058229335 -0.044473939 -0.790266275 -0.379711568 0.480934650 -0.096085191
0.403771251 0.267689466 0.874820650 0.032987371 -0.460920721 0.885528922 -0.058229335 -0.044473939 -0.790266275 -0.379711568 0.480934650 -0.096085191
0.403771251 0.267689466 0.874820650 0.032987371 -0.460920721 0.885528922 -0.058229335 -0.044473939 -0.790266275 -0.379711568 0.480934650 -0.096085191
0.996075630 0.029111683 -0.083581835 0.002724694 0.005629010 0.921608388 0.388080180 -0.009120641 0.088327467 -0.387027681 0.917827845 -0.024717847
0.996075630 0.029111683 -0.083581835 0.002724694 0.005629010 0.921608388 0.388080180 -0.009120641 0.088327467 -0.387027681 0.917827845 -0.024717847
0.981352389 0.070177369 -0.178948969 0.001415619 0.002263315 0.926687658 0.375825644 -0.002300208 0.192204237 -0.369222403 0.909248233 -0.018748183
0.972105742 0.070294864 -0.223761082 0.000497642 0.023207612 0.920520008 0.390005559 -0.005104611 0.233391941 -0.384319574 0.893211424 -0.011427063
0.963332057 0.059776761 -0.261568844 -0.000349793 0.051524065 0.915510416 0.398981035 -0.004409266 0.263318807 -0.397828311 0.878860593 -0.011236629
0.950793207 0.050964203 -0.305606008 0.001587777 0.083037570 0.908374906 0.409828871 -0.004453518 0.298491418 -0.415039271 0.859444678 -0.009893640
0.932842016 0.048155364 -0.357053012 0.000146617 0.112090498 0.903054059 0.414643347 -0.002621619 0.342405468 -0.426818937 0.837008953 -0.007849563
0.914234102 0.051213831 -0.401936650 0.000336114 0.135533795 0.896185577 0.422471344 -0.001730469 0.381846160 -0.440713763 0.812382221 -0.003763374
0.895609140 0.047214482 -0.442329049 0.000007165 0.162438899 0.890974522 0.424002558 -0.001190555 0.414122969 -0.451592058 0.790295422 -0.004248451
0.873339176 0.046426564 -0.484895051 -0.000309473 0.188732564 0.885442793 0.424701393 -0.001447970 0.449064255 -0.462423861 0.764529586 -0.004061890
0.858296156 0.047925659 -0.510911703 -0.000706888 0.203023314 0.882678211 0.423864096 -0.001205842 0.471284509 -0.467527866 0.747869372 -0.006229235
0.836678565 0.049903739 -0.545415878 -0.000128064 0.223470300 0.878069878 0.423148274 -0.001173679 0.500029922 -0.475923330 0.723510206 -0.005858670
0.822120190 0.045047060 -0.567528963 -0.000601904 0.243060172 0.873674750 0.421443075 -0.001762620 0.514820457 -0.484420538 0.707316518 -0.006838244
0.798485339 0.036331985 -0.600916862 -0.001036344 0.274758607 0.866159976 0.417462140 -0.001468101 0.535657287 -0.498444498 0.681633532 -0.005381630
0.771286488 0.032245688 -0.635670722 -0.000482160 0.302862823 0.859812379 0.411092132 -0.001799233 0.559813499 -0.509590864 0.653395772 -0.007096774
0.751504898 0.034953795 -0.658800960 -0.000830028 0.319221199 0.854645848 0.409485519 -0.001504187 0.577354550 -0.518033624 0.631112456 -0.005549832
0.730256200 0.034575135 -0.682297945 -0.000280857 0.339076936 0.848680377 0.405916899 -0.003332293 0.593087494 -0.527774811 0.608030438 -0.007781334
0.701453090 0.044691298 -0.711313128 -0.000313538 0.351601958 0.846433163 0.399908870 -0.003110722 0.619951367 -0.530616283 0.578019500 -0.007609713
0.683929324 0.048626009 -0.727925897 -0.001874851 0.363112152 0.842719138 0.397459567 -0.003225832 0.632763982 -0.536153078 0.558703542 -0.006795081
0.654808939 0.059308365 -0.753463805 -0.002861144 0.373277366 0.841466725 0.390637726 -0.002846731 0.657182813 -0.537043989 0.528861463 -0.007600603
0.622515678 0.070783831 -0.779399693 -0.001104702 0.392585099 0.833287835 0.389240295 -0.005518347 0.677016318 -0.548288882 0.490946174 -0.007807992
0.605856001 0.072410733 -0.792272151 -0.000683607 0.404344022 0.829613745 0.385028303 -0.004681025 0.685160160 -0.553622246 0.473347604 -0.009860970
0.584909916 0.083896868 -0.806747496 0.000568849 0.416171253 0.822684348 0.387287676 -0.005326991 0.696190894 -0.562273622 0.446280777 -0.010999386
0.575570822 0.096712343 -0.812012851 0.000941243 0.416478842 0.819882572 0.392858148 -0.005296314 0.703749597 -0.564303875 0.431621909 -0.011394129
0.574239314 0.112772942 -0.810883164 0.001043322 0.409806222 0.817851543 0.403952628 -0.004475639 0.708736956 -0.564270496 0.423427463 -0.012327353
0.568124533 0.148366839 -0.809457660 0.001772369 0.399124354 0.810509682 0.428688288 -0.004987690 0.719676554 -0.566622615 0.401253641 -0.011380987
0.561598957 0.156448573 -0.812484026 0.002106234 0.398775816 0.809211016 0.431457132 -0.005846457 0.724972010 -0.566304922 0.392064184 -0.012074608
0.537219584 0.148615733 -0.830246150 0.003105218 0.417342544 0.808567703 0.414781272 -0.006215023 0.732953191 -0.569325566 0.372354776 -0.013463806
0.480494857 0.131385431 -0.867100120 0.003822645 0.455074668 0.807834506 0.374580383 -0.006494706 0.749687791 -0.574579239 0.328370094 -0.013589857
0.425687492 0.112528376 -0.897846043 0.004922917 0.497948498 0.799354970 0.336272120 -0.006900494 0.755537808 -0.590227962 0.284242064 -0.014713535
0.379996032 0.110559151 -0.918357074 0.006989047 0.534585655 0.783981025 0.315581709 -0.007509287 0.754865110 -0.610860229 0.238806322 -0.015779158
0.360881716 0.117621727 -0.925164580 0.006347791 0.542904437 0.780104995 0.310951769 -0.007956622 0.758300126 -0.614492834 0.217668250 -0.016041836
0.348661840 0.130574584 -0.928108454 0.009121485 0.547717929 0.775173545 0.314819157 -0.008687174 0.760552406 -0.618107140 0.198755354 -0.018865380
0.330356032 0.147068769 -0.932328045 0.012175199 0.547115862 0.775067687 0.316123962 -0.010083687 0.769109249 -0.614524961 0.175584599 -0.021663727
0.297806770 0.162598655 -0.940676808 0.012595642 0.548329115 0.777483582 0.307984531 -0.010194514 0.781438589 -0.607520461 0.142382294 -0.021882482
0.274328977 0.172490016 -0.946039617 0.013032681 0.546512067 0.781501353 0.300965428 -0.009644510 0.791244745 -0.599585533 0.120120510 -0.022153936
0.240623146 0.186837465 -0.952466428 0.019155506 0.548284352 0.783575714 0.292221546 -0.011749284 0.800927341 -0.592537463 0.086106427 -0.023699785
0.212700680 0.204105258 -0.955562353 0.017294031 0.547547579 0.785074055 0.289569259 -0.010707237 0.809289813 -0.584807456 0.055228438 -0.021727588
0.186783701 0.216260716 -0.958302259 0.018325465 0.550005555 0.785242617 0.284408361 -0.011012780 0.814005971 -0.580194354 0.027725924 -0.022157058
0.164767370 0.218199864 -0.961894214 0.019145647 0.562411726 0.780364037 0.273358971 -0.011553528 0.810274541 -0.586021066 0.005860385 -0.022833377
0.147909760 0.218962714 -0.964457333 0.020145770 0.569423914 0.778476357 0.264066249 -0.011535136 0.808627903 -0.588243067 -0.009538356 -0.022907188
0.131203637 0.219665781 -0.966712177 0.020030038 0.580965996 0.773108363 0.254522830 -0.011514105 0.803283393 -0.595021307 -0.026183717 -0.023500649
0.121101446 0.223220393 -0.967216134 0.020158948 0.585519373 0.770759284 0.251191497 -0.011810434 0.801562011 -0.596743345 -0.037359823 -0.023343261
0.114244983 0.228259906 -0.966874063 0.021259923 0.583184779 0.772498429 0.251280248 -0.012023798 0.804266036 -0.592573643 -0.044863634 -0.024603577
0.107275508 0.231968179 -0.966789842 0.021406867 0.582297802 0.773515224 0.250206649 -0.012295106 0.805866778 -0.589800596 -0.052095320 -0.024354296
0.092265636 0.232587457 -0.968189001 0.021162685 0.584496319 0.774540007 0.241768107 -0.012401206 0.806133509 -0.588209808 -0.064483091 -0.024050014
0.079356946 0.228817135 -0.970229387 0.022313997 0.589987755 0.773741722 0.230734095 -0.012857411 0.803502977 -0.590733886 -0.073597506 -0.025291223
0.070154831 0.227868110 -0.971161306 0.022030190 0.592603385 0.773626626 0.224328145 -0.012548003 0.802433491 -0.591251194 -0.080761746 -0.024424221
0.062250439 0.230119079 -0.971169412 0.022971399 0.594095588 0.773346961 0.221325547 -0.013045702 0.801982164 -0.590744972 -0.088571519 -0.024524020
0.059761010 0.230178788 -0.971311688 0.022563970 0.596562088 0.771929264 0.219633803 -0.012908926 0.800338984 -0.592573225 -0.091184661 -0.023981441
0.058782034 0.230122834 -0.971384704 0.022445038 0.598169804 0.770913184 0.218828246 -0.013058916 0.799210608 -0.593916178 -0.092336699 -0.023691367
0.057609186 0.225557402 -0.972525001 0.022461150 0.598100424 0.772176743 0.214520156 -0.012517199 0.799347878 -0.594026029 -0.090421498 -0.023699813
0.061248746 0.225220993 -0.972380579 0.022511499 0.597407162 0.772167087 0.216477662 -0.012920279 0.799595594 -0.594166160 -0.087254375 -0.024188712
0.061992053 0.224773630 -0.972436905 0.023110114 0.599326313 0.770713687 0.216352850 -0.012936236 0.798100948 -0.596219182 -0.086934596 -0.023880405
0.065317467 0.224898875 -0.972190380 0.022140631 0.600938201 0.768921375 0.218250751 -0.012875842 0.796622396 -0.598481834 -0.084926300 -0.023242939
0.074957170 0.223451406 -0.971828640 0.022680463 0.592519283 0.773890138 0.223640636 -0.012517426 0.802061260 -0.592590570 -0.074390672 -0.025555380
0.082212023 0.223731071 -0.971177518 0.022952765 0.590415299 0.774132371 0.228317425 -0.012555918 0.802901626 -0.592168450 -0.068451278 -0.025571646
0.108536474 0.235844195 -0.965710819 0.022117462 0.570921421 0.780474186 0.254772037 -0.012238914 0.813798845 -0.578997076 -0.049938608 -0.025394458
0.126516134 0.244617939 -0.961330175 0.021477398 0.557623744 0.783962309 0.272871524 -0.011852222 0.820395947 -0.570583344 -0.037220921 -0.024895390
0.153760150 0.253316820 -0.955085635 0.021070179 0.540275216 0.787742734 0.295911938 -0.011858227 0.827321351 -0.561508656 -0.015737347 -0.025123080
0.176386133 0.260887057 -0.949118495 0.020910921 0.525672734 0.790252447 0.314911157 -0.012003608 0.832199574 -0.554471791 0.002248347 -0.025191484
0.188788176 0.264754444 -0.945655465 0.020915752 0.517926157 0.791307151 0.324939042 -0.011716859 0.834333122 -0.551124334 0.012266193 -0.024917755
0.204936340 0.268092662 -0.941343367 0.019986881 0.516373992 0.787407875 0.336670041 -0.012120439 0.831480026 -0.555081129 0.022932481 -0.024078358
0.213221088 0.268475950 -0.939392090 0.021270821 0.513673067 0.787078321 0.341537386 -0.012121335 0.831069589 -0.555363357 0.029912807 -0.025097245
0.218415469 0.269911945 -0.937785685 0.020116910 0.512650490 0.785964489 0.345614105 -0.011912863 0.830351830 -0.556243777 0.033296376 -0.023922507
0.223756090 0.273423791 -0.935506582 0.019962849 0.507840157 0.786543131 0.351351857 -0.012114054 0.831884444 -0.553704917 0.037138298 -0.023878487
0.231086701 0.272391737 -0.934024394 0.020375310 0.505950093 0.786348045 0.354501426 -0.012229267 0.831031561 -0.554490328 0.043898016 -0.024188470
0.235125765 0.271299928 -0.933333874 0.019457912 0.504238904 0.786879957 0.355756938 -0.011614101 0.830938697 -0.554270864 0.048215821 -0.023607073
0.242321342 0.270879835 -0.931613803 0.019818474 0.505988121 0.784016073 0.359575808 -0.011913048 0.827802122 -0.558518469 0.052921876 -0.023763897
0.249478579 0.272438288 -0.929267228 0.019226620 0.506663263 0.781062901 0.365011185 -0.011707122 0.825259149 -0.561888099 0.056824017 -0.023665238
0.253112942 0.277453095 -0.926797450 0.019939756 0.504720449 0.779414952 0.371173143 -0.012094835 0.825342953 -0.561722517 0.057243817 -0.023624040
0.254119724 0.279895455 -0.925787091 0.019855766 0.499710441 0.781550825 0.373453945 -0.011672150 0.828077674 -0.557527483 0.058740821 -0.023379758
0.256066829 0.283610016 -0.924118578 0.020152379 0.490579933 0.785604656 0.377036691 -0.011355940 0.832923293 -0.549900591 0.062033925 -0.024040958
0.258442581 0.291575581 -0.920972884 0.020363174 0.481325686 0.787728369 0.384460241 -0.011707252 0.837575674 -0.542648852 0.063239738 -0.023898372
0.261474103 0.293613642 -0.919468403 0.020193670 0.479060382 0.787516177 0.387710273 -0.011832294 0.837933421 -0.541857123 0.065256543 -0.024078317
0.262286216 0.292173237 -0.919695973 0.020466626 0.480711550 0.786831081 0.387057185 -0.012104448 0.836733162 -0.543628275 0.065923899 -0.024142476
0.258775085 0.289873719 -0.921416700 0.020623116 0.485320032 0.785746992 0.383492202 -0.012133298 0.835164666 -0.546420157 0.062650219 -0.023713335
0.258231074 0.288668066 -0.921947777 0.020372018 0.487394571 0.785035789 0.382315874 -0.012012575 0.834124148 -0.548078120 0.062025394 -0.023650408
0.257743478 0.286096454 -0.922885239 0.020223547 0.493544221 0.782162964 0.380309373 -0.012297197 0.830651760 -0.553506911 0.060396127 -0.023781583
0.257646769 0.286185354 -0.922884643 0.020622145 0.494596422 0.781450868 0.380406171 -0.012555515 0.830055773 -0.554465771 0.059792057 -0.023941608
0.256001651 0.284626633 -0.923824072 0.020771943 0.495785385 0.781748414 0.378241211 -0.012033949 0.829855442 -0.554848850 0.059015144 -0.023875728
0.255843014 0.282860607 -0.924410284 0.020840917 0.499490350 0.780025661 0.376920998 -0.012083808 0.827679694 -0.558166623 0.058277979 -0.023906002
0.256551951 0.280395061 -0.924964726 0.021137374 0.503511667 0.778107584 0.375532627 -0.011824040 0.825019419 -0.562074125 0.058442835 -0.024330528
0.256287724 0.280403525 -0.925035417 0.021296123 0.504489958 0.777509987 0.375457168 -0.011999102 0.824503839 -0.562896073 0.057805534 -0.024171239
0.257692844 0.279646695 -0.924874127 0.020474030 0.507027566 0.775687397 0.375808716 -0.012157159 0.822506785 -0.565779984 0.058100518 -0.023692112
0.258524567 0.278423786 -0.925010979 0.020825934 0.507867694 0.775372624 0.375323623 -0.011991754 0.821727097 -0.566813588 0.059050430 -0.023951640
0.260010660 0.276025832 -0.925313115 0.021154428 0.510721684 0.773950517 0.374385059 -0.011958141 0.819486320 -0.569921553 0.060262963 -0.024253588
0.262645245 0.273458272 -0.925331414 0.020726610 0.512885094 0.772734463 0.373938948 -0.011871070 0.817292094 -0.572801948 0.062702380 -0.024490681
0.265014470 0.275011003 -0.924194932 0.021147460 0.515198350 0.769799411 0.376801789 -0.012380526 0.815069377 -0.576001585 0.062322814 -0.024498062
0.267199844 0.273983479 -0.923870862 0.020598358 0.515340745 0.769487023 0.377245039 -0.012000507 0.814265490 -0.576908112 0.064411968 -0.024150969
0.268634766 0.271835625 -0.924089193 0.020684011 0.518369615 0.767791331 0.376549274 -0.012047816 0.811867177 -0.580173910 0.065344095 -0.024455829
0.270712316 0.273092717 -0.923111618 0.020744652 0.520806789 0.764918447 0.379025102 -0.012221131 0.809614122 -0.583369613 0.064844333 -0.024279401
0.272367060 0.272861928 -0.922693133 0.020646783 0.522348166 0.763408124 0.379948080 -0.011991307 0.808064759 -0.585452318 0.065398306 -0.024067018
0.275752127 0.274663210 -0.921151936 0.020915328 0.521562457 0.762215972 0.383405387 -0.012389395 0.807423949 -0.586162984 0.066928707 -0.024201816
0.277515680 0.274692684 -0.920613348 0.020586120 0.521888673 0.761431873 0.384517610 -0.012292870 0.806608498 -0.587167323 0.067950293 -0.023976374
0.279712856 0.277304411 -0.919164240 0.020680778 0.519741952 0.761225700 0.387819409 -0.012287515 0.807235479 -0.586206257 0.068797886 -0.023995636
0.280244261 0.275640607 -0.919502854 0.020867294 0.521275103 0.760648131 0.386893749 -0.012022583 0.806061745 -0.587738633 0.069482699 -0.024133354
0.281921506 0.276819110 -0.918635607 0.020571634 0.520435631 0.760246813 0.388807982 -0.012115621 0.806019247 -0.587703943 0.070263430 -0.024093574
0.282944649 0.275610358 -0.918684542 0.020570144 0.521629333 0.759569943 0.388531208 -0.012249012 0.804888368 -0.589145541 0.071149811 -0.023923950
0.284145325 0.274476051 -0.918653548 0.020330027 0.523817658 0.758069694 0.388516873 -0.012090150 0.803042054 -0.591602147 0.071626544 -0.023539875
0.287876427 0.274304718 -0.917542458 0.020412067 0.524853766 0.756206155 0.390743792 -0.012040454 0.801034093 -0.594061553 0.073724076 -0.023806673
