1.000000000 0.000000000 0.000000000 0.000000000 0.000000000 1.000000000 0.000000000 0.000000000 0.000000000 0.000000000 1.000000000 0.000000000
0.999998391 0.001782421 -0.000049517 -0.006700888 -0.001782437 0.999998331 -0.000324284 -0.016712962 0.000048939 0.000324372 0.999999940 0.727949321
0.999997675 0.002066492 0.000629337 -0.016383551 -0.002066196 0.999997735 -0.000471066 -0.032520916 -0.000630308 0.000469765 0.999999702 1.447473049
0.999997079 0.002243279 0.000926894 -0.016634777 -0.002243525 0.999997437 0.000264050 -0.043917168 -0.000926300 -0.000266128 0.999999523 2.151344538
0.999993742 0.003026763 0.001821249 -0.025574416 -0.003032494 0.999990344 0.003152004 -0.058433987 -0.001811692 -0.003157507 0.999993384 2.833452463
0.999991894 0.002765819 0.002935022 -0.020680105 -0.002786558 0.999970973 0.007085584 -0.066320986 -0.002915340 -0.007093705 0.999970615 3.496644497
0.999987543 0.002040921 0.004567329 -0.025122913 -0.002089653 0.999940634 0.010690372 -0.080464929 -0.004545240 -0.010699782 0.999932408 4.122033119
0.999984622 0.001201394 0.005433245 -0.019456973 -0.001272322 0.999913752 0.013069714 -0.090394072 -0.005417074 -0.013076426 0.999899805 4.737930298
0.999976635 0.002065732 0.006521715 -0.015237257 -0.002150635 0.999912679 0.013038314 -0.099368878 -0.006494213 -0.013052036 0.999893725 5.315002441
0.999968708 0.002663130 0.007436130 -0.009040441 -0.002739919 0.999942780 0.010335450 -0.109733984 -0.007408180 -0.010355504 0.999918878 5.878063679
0.999959290 0.002646672 0.008623582 -0.011833385 -0.002710192 0.999969363 0.007362505 -0.114156738 -0.008603831 -0.007385578 0.999935687 6.398395538
0.999947786 0.000984078 0.010173287 -0.002344035 -0.001044154 0.999981999 0.005901654 -0.121146649 -0.010167297 -0.005911968 0.999930859 6.896802902
0.999922395 -0.002940767 0.012105631 0.001483545 0.002898923 0.999989867 0.003472732 -0.128274694 -0.012115720 -0.003437369 0.999920666 7.363702774
0.999889195 -0.004730303 0.014112632 0.009370737 0.004700906 0.999986708 0.002115547 -0.132257298 -0.014122453 -0.002048970 0.999898136 7.810732365
0.999876261 -0.000470600 0.015720081 0.026140675 0.000464555 0.999999821 0.000388151 -0.151196286 -0.015720261 -0.000380800 0.999876380 8.230963707
0.999812543 0.003563813 0.019030694 0.022432446 -0.003563945 0.999993622 -0.000027033 -0.164256886 -0.019030666 -0.000040796 0.999819040 8.610302925
0.999742746 0.004139262 0.022301763 0.030769646 -0.004166427 0.999990642 0.001171705 -0.172185615 -0.022296702 -0.001264323 0.999750674 8.960764885
0.999676704 0.000000687 0.025423767 0.045648113 -0.000038204 0.999998868 0.001475159 -0.176825717 -0.025423732 -0.001475654 0.999675691 9.286301613
0.999604821 -0.004849979 0.027687656 0.065342575 0.004820495 0.999987721 0.001131571 -0.178507835 -0.027692802 -0.000997656 0.999615967 9.576542854
0.999500930 -0.008534819 0.030414546 0.076922357 0.008458500 0.999960721 0.002637114 -0.186923057 -0.030435858 -0.002378537 0.999533892 9.827053070
0.999427319 -0.009039836 0.032607466 0.091371700 0.008925515 0.999953508 0.003649878 -0.189730912 -0.032638945 -0.003356749 0.999461532 10.059318542
0.999352813 -0.007856807 0.035102531 0.090793341 0.007763151 0.999965906 0.002803601 -0.199872836 -0.035123367 -0.002529281 0.999379754 10.263441086
0.999294996 -0.007121989 0.036861293 0.105916530 0.007066990 0.999973655 0.001622068 -0.206087232 -0.036871877 -0.001360426 0.999319077 10.457070351
0.999201834 -0.004734291 0.039664820 0.108846843 0.004723627 0.999988735 0.000362522 -0.205649257 -0.039666090 -0.000174871 0.999213040 10.618546486
0.999146342 -0.001805280 0.041269418 0.111598462 0.001794947 0.999998331 0.000287433 -0.218421742 -0.041269869 -0.000213111 0.999147952 10.784535408
0.999091566 -0.000605575 0.042610601 0.118699431 0.000641398 0.999999464 -0.000827035 -0.227890596 -0.042610075 0.000853614 0.999091387 10.939307213
0.999005079 -0.001651493 0.044565193 0.126491785 0.001774210 0.999994755 -0.002714246 -0.230170935 -0.044560477 0.002790613 0.999002755 11.091915131
0.998941958 -0.002949551 0.045891833 0.143128902 0.003134990 0.999987185 -0.003969322 -0.236178577 -0.045879539 0.004108994 0.998938560 11.238142967
0.998867035 -0.003585594 0.047452196 0.144961387 0.003833085 0.999979496 -0.005125631 -0.235970020 -0.047432847 0.005301713 0.998860359 11.372358322
0.998805046 -0.002810693 0.048790492 0.154737920 0.003128145 0.999974430 -0.006431296 -0.239984035 -0.048771169 0.006576235 0.998788357 11.511606216
0.998757064 -0.002046756 0.049799178 0.164192051 0.002470293 0.999961257 -0.008444843 -0.244955480 -0.049779966 0.008557366 0.998723567 11.636799812
0.998711884 -0.001861248 0.050704211 0.171584010 0.002411045 0.999938905 -0.010784212 -0.248617560 -0.050681040 0.010892573 0.998655498 11.761558533
0.998664558 -0.002676859 0.051592913 0.178434551 0.003352968 0.999909520 -0.013022603 -0.252390057 -0.051553391 0.013178203 0.998583257 11.882948875
0.998698652 -0.003415213 0.050884780 0.185022801 0.004175400 0.999881089 -0.014840581 -0.255889416 -0.050828055 0.015033733 0.998594224 12.010748863
0.998784125 -0.004446412 0.049097545 0.188269973 0.005235349 0.999859035 -0.015951864 -0.262966394 -0.049019702 0.016189514 0.998666584 12.131917953
0.998935521 -0.004159963 0.045940310 0.194375813 0.004934113 0.999847472 -0.016750682 -0.267899513 -0.045863621 0.016959526 0.998803735 12.264979362
0.999108136 -0.003475652 0.042082008 0.190335929 0.004257463 0.999819875 -0.018502917 -0.261861742 -0.042010117 0.018665576 0.998942733 12.380847931
0.999335408 -0.003674065 0.036266252 0.189788461 0.004391060 0.999796152 -0.019710490 -0.265606344 -0.036186438 0.019856637 0.999147654 12.504730225
0.999554396 -0.003893171 0.029596291 0.188953340 0.004492478 0.999785662 -0.020209912 -0.271405965 -0.029511277 0.020333868 0.999357522 12.635654449
0.999737859 -0.003753247 0.022590341 0.179766208 0.004227592 0.999770820 -0.020986661 -0.275302738 -0.022506399 0.021076659 0.999524474 12.753983498
0.999893188 -0.003647108 0.014156798 0.182014316 0.003962411 0.999743342 -0.022308383 -0.272629857 -0.014071805 0.022362091 0.999650896 12.892757416
0.999979138 -0.004568555 0.004578013 0.162425786 0.004674869 0.999713182 -0.023487447 -0.277201623 -0.004469398 0.023508357 0.999713659 13.021925926
0.999941766 -0.006384381 -0.008704908 0.158039793 0.006162510 0.999661446 -0.025281014 -0.279845655 0.008863360 0.025225896 0.999642432 13.173636436
0.999667048 -0.007235287 -0.024770670 0.137414813 0.006556749 0.999604046 -0.027365264 -0.283483803 0.024958849 0.027193733 0.999318480 13.328031540
0.999009788 -0.006929499 -0.043948844 0.112465918 0.005696117 0.999588192 -0.028127458 -0.294742852 0.044125635 0.027849268 0.998637676 13.504007339
0.997808397 -0.005766411 -0.065918088 0.078518629 0.003940585 0.999605894 -0.027794963 -0.299911231 0.066052392 0.027474288 0.997437835 13.673653603
0.996008515 -0.005239546 -0.089104675 0.040563345 0.002869239 0.999639153 -0.026708696 -0.306816339 0.089212455 0.026346425 0.995664120 13.855388641
0.993232369 -0.004167145 -0.116070583 -0.012949586 0.001217296 0.999674737 -0.025473578 -0.312723905 0.116138965 0.025159886 0.992914319 14.073261261
0.989308774 -0.003031698 -0.145804167 -0.084682107 -0.000413877 0.999721467 -0.023595385 -0.320512325 0.145835087 0.023403466 0.989032030 14.313767433
0.983824313 -0.002588551 -0.179117799 -0.157702446 -0.001055892 0.999794364 -0.020248309 -0.329365909 0.179133385 0.020109903 0.983619213 14.553654671
0.976401627 -0.002416759 -0.215948805 -0.237933874 -0.001152098 0.999864817 -0.016398992 -0.335731894 0.215959236 0.016260801 0.976266980 14.803713799
0.966684997 -0.000837391 -0.255967617 -0.343668222 -0.002226562 0.999929368 -0.011680055 -0.336261600 0.255959302 0.011860864 0.966614842 15.072765350
0.954878211 0.002939479 -0.296983421 -0.472688437 -0.005254449 0.999961674 -0.006997002 -0.344009906 0.296951443 0.008241767 0.954856992 15.334759712
0.940729201 0.006635740 -0.339093506 -0.607729912 -0.008071391 0.999963462 -0.002823697 -0.347793698 0.339062363 0.005393292 0.940748453 15.605601311
0.923974216 0.009483630 -0.382336974 -0.758172035 -0.009074184 0.999954700 0.002874132 -0.356884390 0.382346928 0.000813773 0.924018562 15.877693176
0.904641628 0.012763886 -0.425981581 -0.934388638 -0.009404380 0.999905944 0.009988903 -0.359489620 0.426069021 -0.005030285 0.904676735 16.165489197
0.882881284 0.017141355 -0.469283164 -1.128786087 -0.010739980 0.999809206 0.016314153 -0.362490237 0.469473362 -0.009363367 0.882897019 16.446199417
