1.000000000 0.000000000 0.000000000 0.000000000 0.000000000 1.000000000 0.000000000 0.000000000 0.000000000 0.000000000 1.000000000 0.000000000
0.999699652 -0.001119184 -0.024480570 -0.003770382 0.001130493 0.999999285 0.000448112 -0.000567454 0.024480050 -0.000475653 0.999700189 -0.001060548
0.998472095 -0.008662078 -0.054575216 -0.003675961 0.009061199 0.999933958 0.007070031 -0.000508580 0.054510370 -0.007553746 0.998484612 0.002102218
0.996897817 -0.007332055 -0.078364268 -0.004166735 0.006916848 0.999960601 -0.005568535 -0.000173695 0.078402005 0.005009227 0.996909261 0.004183106
0.996533990 -0.001287380 -0.083176941 -0.015996762 0.000816930 0.999983490 -0.005689806 -0.002522386 0.083182894 0.005602135 0.996518552 0.021200083
0.996197164 -0.001294179 -0.087118231 -0.015284295 0.000926895 0.999990523 -0.004256247 -0.002289266 0.087122917 0.004159311 0.996188879 0.022218985
0.996267796 -0.000456653 -0.086315125 -0.016083224 0.000413187 0.999999762 -0.000521437 -0.004867054 0.086315349 0.000483827 0.996267736 0.024904625
0.996718585 0.005662815 -0.080746628 -0.016939770 -0.005737193 0.999983311 -0.000689145 -0.005222310 0.080741376 0.001150143 0.996734440 0.024348611
0.997021973 0.007154441 -0.076785490 -0.013240118 -0.007355031 0.999970257 -0.002329869 -0.005612331 0.076766536 0.002887690 0.997044921 0.020844318
0.996920645 0.006482175 -0.078148834 -0.011516284 -0.006750346 0.999972224 -0.003167863 -0.006177193 0.078126125 0.003685640 0.996936679 0.017669206
0.997271717 0.002798045 -0.073764928 -0.014037943 -0.002955364 0.999993563 -0.002023641 -0.005304976 0.073758796 0.002236122 0.997273624 0.017914178
0.997509718 0.003976487 -0.070416555 -0.014630673 -0.004363221 0.999976218 -0.005339123 -0.005358962 0.070393652 0.005633070 0.997503400 0.017197367
0.997412741 0.008863176 -0.071339048 -0.012315895 -0.009475168 0.999921143 -0.008244789 -0.005487956 0.071260348 0.008899407 0.997418046 0.016129326
0.997304916 0.015292284 -0.071756884 -0.015464083 -0.016015369 0.999826491 -0.009512343 -0.008128523 0.071598969 0.010635920 0.997376800 0.013868967
0.997239053 0.017059701 -0.072272226 -0.016212881 -0.017863015 0.999785483 -0.010483354 -0.007016942 0.072077885 0.011745410 0.997329831 0.014057885
0.997469425 0.013974791 -0.069709636 -0.019085590 -0.014820279 0.999822557 -0.011626261 -0.006453424 0.069534779 0.012629959 0.997499585 0.024090404
0.997573733 0.014121382 -0.068170458 -0.019323410 -0.014988151 0.999813020 -0.012219996 -0.006867376 0.067985147 0.013212097 0.997598827 0.023091119
0.997782767 0.015586955 -0.064703420 -0.020421946 -0.016415175 0.999789774 -0.012288447 -0.007334279 0.064498261 0.013323320 0.997828841 0.021073155
0.997976065 0.013101969 -0.062227644 -0.020840427 -0.013907135 0.999824941 -0.012523569 -0.005967570 0.062052663 0.013363630 0.997983396 0.021616185
0.997911453 0.013228486 -0.063227974 -0.018767225 -0.014058416 0.999820530 -0.012699134 -0.006725640 0.063048624 0.013561495 0.997918308 0.021866664
0.997838259 0.014227662 -0.064159118 -0.018868249 -0.015109042 0.999797761 -0.013273164 -0.006770800 0.063957296 0.014213854 0.997851372 0.022046935
0.997913420 0.015356659 -0.062713102 -0.017019385 -0.016255189 0.999772072 -0.013842595 -0.007232934 0.062486228 0.014833124 0.997935653 0.021862697
0.998020649 0.014482724 -0.061196968 -0.015510006 -0.015389111 0.999778330 -0.014365655 -0.006870260 0.060975347 0.015278988 0.998022377 0.021927508
0.998076439 0.015422359 -0.060047261 -0.014795018 -0.016424231 0.999733388 -0.016227048 -0.006842912 0.059780996 0.017182061 0.998063564 0.020647286
0.997986853 0.013929828 -0.061872162 -0.015463086 -0.014865043 0.999781728 -0.014680709 -0.006780204 0.061654150 0.015570886 0.997976124 0.021783894
0.997913539 0.010226524 -0.063749000 -0.013383209 -0.011082309 0.999852955 -0.013085153 -0.006932779 0.063605815 0.013764337 0.997880220 0.022630472
0.998285770 0.008247211 -0.057944950 -0.012725840 -0.009084255 0.999858022 -0.014196972 -0.005173017 0.057819627 0.014699021 0.998218834 0.021082552
0.998361647 0.007605827 -0.056709461 -0.013266426 -0.008420514 0.999864578 -0.014140868 -0.005820249 0.056594223 0.014595224 0.998290658 0.021251587
0.997984409 0.006332621 -0.063142300 -0.013604524 -0.007105871 0.999902427 -0.012029091 -0.005794687 0.063059956 0.012453527 0.997932076 0.022455286
0.997897267 0.004938554 -0.064627148 -0.012917530 -0.005745222 0.999907851 -0.012302004 -0.004667070 0.064560436 0.012647432 0.997833669 0.022630816
0.997955620 0.005208394 -0.063697547 -0.013004497 -0.006060805 0.999894619 -0.013196292 -0.005457838 0.063622095 0.013555376 0.997882009 0.022732101
0.998095036 0.005478882 -0.061451226 -0.014715399 -0.006384628 0.999873817 -0.014552559 -0.005415199 0.061363734 0.014917180 0.998004019 0.022195252
0.998001397 0.005163900 -0.062981479 -0.015759772 -0.006137128 0.999864638 -0.015268934 -0.004181156 0.062894106 0.015624944 0.997897863 0.022510266
0.997860372 0.005000426 -0.065189265 -0.014480702 -0.005864122 0.999897420 -0.013064444 -0.005419697 0.065117255 0.013418769 0.997787356 0.023908958
0.997750401 0.004381222 -0.066893466 -0.015057214 -0.005234714 0.999907076 -0.012589062 -0.005842981 0.066832088 0.012910911 0.997680724 0.023406532
0.997475207 0.006029426 -0.070758030 -0.014960222 -0.006953818 0.999893665 -0.012825122 -0.005475573 0.070673160 0.013284782 0.997411072 0.025193814
0.997402430 0.006374786 -0.071747437 -0.016075820 -0.007322340 0.999889314 -0.012951523 -0.005086950 0.071656920 0.013443242 0.997338712 0.025672197
0.997406363 0.006152235 -0.071711861 -0.016577290 -0.007124196 0.999886155 -0.013305807 -0.005129461 0.071621835 0.013782186 0.997336626 0.025494173
0.997435570 0.005465772 -0.071361236 -0.016393907 -0.006390774 0.999898374 -0.012740338 -0.004960746 0.071284339 0.013163718 0.997369230 0.025314773
0.997393548 0.004204522 -0.072030261 -0.017231178 -0.005111699 0.999909818 -0.012414699 -0.002924326 0.071971558 0.012750538 0.997325242 0.026030187
0.997379959 0.003537367 -0.072253726 -0.017115222 -0.004373366 0.999925256 -0.011415393 -0.003725566 0.072207950 0.011701477 0.997320950 0.025890188
0.997539937 0.002704659 -0.070047759 -0.016858747 -0.003542536 0.999923587 -0.011840018 -0.002621318 0.070010372 0.012059039 0.997473359 0.025370613
0.997520447 0.002005321 -0.070348695 -0.017230330 -0.002813157 0.999931216 -0.011386119 -0.003927686 0.070321016 0.011555788 0.997457564 0.025253622
0.997501194 0.000955621 -0.070643060 -0.017983321 -0.001765691 0.999933422 -0.011405529 -0.002343266 0.070627443 0.011501762 0.997436464 0.026490871
0.997484624 0.000593356 -0.070881262 -0.015689483 -0.001457094 0.999925315 -0.012134588 -0.001830482 0.070868760 0.012207345 0.997411013 0.025503440
0.997464716 0.001987270 -0.071135387 -0.017169420 -0.002831563 0.999926686 -0.011769920 -0.003907325 0.071106777 0.011941503 0.997397304 0.026417792
0.997407198 -0.000232174 -0.071962692 -0.016560536 -0.000609643 0.999931633 -0.011675767 -0.002164283 0.071960479 0.011689366 0.997338951 0.026699120
0.997530162 -0.001434456 -0.070225239 -0.015977344 0.000623393 0.999932826 -0.011570003 -0.001909937 0.070237122 0.011497648 0.997464061 0.025418337
0.997634232 -0.002522885 -0.068699442 -0.016660966 0.001663273 0.999919653 -0.012566976 -0.001732657 0.068725623 0.012422980 0.997558236 0.025449568
0.997657180 -0.002969634 -0.068347432 -0.017117999 0.002090934 0.999914229 -0.012924286 -0.000917419 0.068379939 0.012751098 0.997577906 0.025747351
0.997650325 -0.002499519 -0.068465330 -0.017814359 0.001673481 0.999925137 -0.012119791 -0.001669030 0.068490498 0.011976738 0.997579873 0.025432101
0.997678101 -0.003518823 -0.068015918 -0.017647043 0.002635202 0.999911010 -0.013076744 0.000068260 0.068055883 0.012867145 0.997598529 0.025275968
0.997691154 -0.002393804 -0.067872122 -0.017053280 0.001462410 0.999904096 -0.013769098 -0.000006302 0.067898571 0.013638048 0.997599065 0.024892602
0.997597039 -0.003522364 -0.069193937 -0.017258085 0.002747991 0.999932528 -0.011283352 -0.002372537 0.069229014 0.011066092 0.997539401 0.024959348
0.997660697 -0.002956022 -0.068295106 -0.017617458 0.002107668 0.999919772 -0.012490612 -0.001952378 0.068326540 0.012317450 0.997586966 0.024697131
0.997687161 -0.002636509 -0.067921542 -0.016872972 0.001697314 0.999902129 -0.013881623 -0.000781821 0.067951493 0.013734233 0.997594118 0.025375152
0.997621953 -0.003882285 -0.068814360 -0.016515641 0.002984786 0.999909103 -0.013140362 -0.000984016 0.068859123 0.012903715 0.997542918 0.025110027
0.997721732 -0.005187075 -0.067263387 -0.017384585 0.004412500 0.999922335 -0.011659027 -0.000529468 0.067318633 0.011335664 0.997667134 0.024912916
0.997861326 -0.003240715 -0.065284647 -0.016018495 0.002783787 0.999970913 -0.007088814 -0.001430690 0.065305725 0.006891916 0.997841537 0.024763096
0.997725904 -0.001621250 -0.067382626 -0.015769953 0.001148116 0.999974430 -0.007059715 -0.002216554 0.067392334 0.006966296 0.997702301 0.024841394
0.997727752 -0.001173432 -0.067363426 -0.014939578 0.000696360 0.999974489 -0.007105122 -0.001826071 0.067370042 0.007042069 0.997703254 0.023957785
0.997879446 -0.000629398 -0.065085776 -0.016352056 0.000178462 0.999975920 -0.006933871 -0.002470613 0.065088570 0.006907552 0.997855604 0.023337578
0.997935057 0.002016966 -0.064199366 -0.015436062 -0.002542864 0.999963820 -0.008110987 -0.002553013 0.064180695 0.008257491 0.997904122 0.022482544
0.997877479 0.002210011 -0.065080889 -0.014097463 -0.002716519 0.999966681 -0.007695304 -0.003300567 0.065061711 0.007855766 0.997850358 0.022559403
0.998063385 0.000427420 -0.062202431 -0.015341777 -0.000896207 0.999971449 -0.007508782 -0.002832173 0.062197436 0.007549988 0.998035371 0.023247238
0.998106062 0.000099105 -0.061515648 -0.015602803 -0.000509490 0.999977708 -0.006655568 -0.003160950 0.061513610 0.006674303 0.998083949 0.022103462
0.998131871 0.000888778 -0.061089043 -0.015743036 -0.001330523 0.999973178 -0.007190854 -0.003416153 0.061081003 0.007258701 0.998106480 0.021936111
0.998157740 0.001645414 -0.060649745 -0.014597256 -0.002130719 0.999966264 -0.007937928 -0.004142041 0.060634632 0.008052533 0.998127580 0.020644318
0.998072207 0.001778950 -0.062038884 -0.016476663 -0.002284133 0.999964774 -0.008073013 -0.003316548 0.062022336 0.008199154 0.998041153 0.021237377
0.997937143 0.002907588 -0.064131938 -0.015857471 -0.003448273 0.999959409 -0.008321706 -0.004579390 0.064105123 0.008525686 0.997906744 0.021607501
0.997890353 0.002110382 -0.064887710 -0.015543043 -0.002623919 0.999965847 -0.007830032 -0.004224983 0.064868964 0.007983774 0.997861862 0.021535680
0.997938335 0.001068732 -0.064171173 -0.015688129 -0.001591143 0.999965966 -0.008090386 -0.003085184 0.064160347 0.008175813 0.997906089 0.021032484
0.998173714 0.001684418 -0.060385752 -0.017451612 -0.002199118 0.999961793 -0.008458087 -0.003072574 0.060369197 0.008575434 0.998139262 0.020657239
0.998188257 0.002428421 -0.060118243 -0.017394150 -0.002989012 0.999952853 -0.009236616 -0.003015989 0.060092971 0.009399576 0.998148561 0.021679061
0.997944295 -0.000238281 -0.064086758 -0.016810548 -0.000297417 0.999965072 -0.008349260 -0.002247307 0.064086512 0.008351155 0.997909486 0.022298230
0.998009801 -0.000953547 -0.063051119 -0.017020268 0.000465304 0.999969780 -0.007757817 -0.003174693 0.063056603 0.007713038 0.997980177 0.021886660
0.998073757 -0.001850318 -0.062011249 -0.016831156 0.001312646 0.999961257 -0.008710211 -0.002677974 0.062024951 0.008612033 0.998037398 0.021334294
0.998024583 -0.001198957 -0.062812820 -0.017669879 0.000646486 0.999960959 -0.008815123 -0.002661998 0.062820934 0.008757101 0.997986436 0.021237064
0.997870922 -0.000406632 -0.065218225 -0.017449098 -0.000139467 0.999964952 -0.008368655 -0.002552532 0.065219328 0.008359933 0.997835994 0.022563893
0.997757852 0.000286647 -0.066926256 -0.017313924 -0.000882244 0.999960244 -0.008869888 -0.002435292 0.066921055 0.008909049 0.997718453 0.022723865
0.997847438 -0.000709350 -0.065573059 -0.017963991 0.000166432 0.999965668 -0.008284716 -0.003147890 0.065576658 0.008255968 0.997813404 0.022726461
0.997952461 -0.001483579 -0.063941151 -0.017840402 0.000909848 0.999958992 -0.009000951 -0.003012279 0.063951880 0.008924342 0.997913122 0.021972010
0.997951746 -0.003398942 -0.063879348 -0.016372858 0.002857766 0.999959230 -0.008561319 -0.001926274 0.063905850 0.008361233 0.997920871 0.021948488
0.998079300 -0.003564842 -0.061845642 -0.018624322 0.002958342 0.999946654 -0.009895477 -0.001037760 0.061877608 0.009693510 0.998036683 0.022121685
0.997787833 -0.003824247 -0.066367693 -0.017655056 0.003245441 0.999955773 -0.008826859 -0.001215566 0.066398494 0.008591940 0.997756243 0.022353981
0.997967184 -0.003484915 -0.063634500 -0.017574947 0.002944637 0.999958754 -0.008582143 -0.002006920 0.063661776 0.008377317 0.997936428 0.022825329
0.997967362 -0.002654084 -0.063672014 -0.016927997 0.002094995 0.999958694 -0.008845963 -0.002326401 0.063692853 0.008694588 0.997931719 0.021777323
0.998080373 -0.002655457 -0.061874032 -0.018581085 0.002102279 0.999957204 -0.009003839 -0.001618120 0.061895289 0.008856477 0.998043358 0.022472749
0.997968197 -0.001709421 -0.063689440 -0.019050708 0.001192679 0.999966085 -0.008150616 -0.002180525 0.063701212 0.008058095 0.997936487 0.023797324
0.997732282 -0.002283250 -0.067268610 -0.017035414 0.001814010 0.999973595 -0.007035884 -0.001402991 0.067282908 0.006897903 0.997710109 0.024303546
0.997914672 -0.001022804 -0.064539269 -0.018400852 0.000622602 0.999980450 -0.006220688 -0.003769534 0.064544372 0.006167534 0.997895777 0.023739865
0.998211503 -0.000341439 -0.059781231 -0.015197672 -0.000131848 0.999968708 -0.007912838 -0.002543462 0.059782062 0.007906568 0.998180151 0.020227432
0.998244643 0.000425133 -0.059222214 -0.018300882 -0.000863438 0.999972403 -0.007375655 -0.004019072 0.059217431 0.007413845 0.998217583 0.020397590
0.998213232 0.001274222 -0.059738301 -0.018731698 -0.001702942 0.999973118 -0.007126275 -0.004165974 0.059727624 0.007215274 0.998188615 0.019716270
0.998201013 0.003456001 -0.059855029 -0.019647442 -0.003878975 0.999968290 -0.006951869 -0.004974019 0.059829097 0.007171539 0.998182952 0.020383839
0.998132110 0.002396825 -0.061047114 -0.017486870 -0.002789843 0.999975860 -0.006353497 -0.004349662 0.061030425 0.006511939 0.998114645 0.020710906
0.998237491 0.002785542 -0.059280422 -0.019585742 -0.003181427 0.999973238 -0.006584880 -0.005584384 0.059260488 0.006761871 0.998219669 0.019657783
0.998170197 0.003614043 -0.060357749 -0.018431865 -0.004047679 0.999966741 -0.007063701 -0.005007844 0.060330220 0.007295087 0.998151779 0.020570537
0.997991085 0.005330096 -0.063130163 -0.017396824 -0.005846258 0.999951005 -0.007994208 -0.004673479 0.063084453 0.008347224 0.997973263 0.021254178
0.997956455 0.004785155 -0.063719094 -0.018053688 -0.005341189 0.999949098 -0.008558834 -0.004116471 0.063674890 0.008881678 0.997931242 0.022040082
0.998234570 0.003218528 -0.059307516 -0.018463928 -0.003692291 0.999962091 -0.007880413 -0.004100306 0.059279904 0.008085481 0.998208642 0.020447329
0.998221636 0.001293278 -0.059597202 -0.018967791 -0.001755448 0.999968767 -0.007703202 -0.003392029 0.059585370 0.007794123 0.998192787 0.021023031
0.998070359 0.002225877 -0.062053155 -0.018015929 -0.002739054 0.999962687 -0.008186096 -0.003700680 0.062032629 0.008340267 0.998039305 0.019816831
0.998149931 0.001682109 -0.060777470 -0.019596636 -0.002119910 0.999972224 -0.007139547 -0.004881527 0.060763769 0.007255182 0.998125792 0.018990995
0.998254657 0.000726468 -0.059050009 -0.019737784 -0.001149250 0.999973953 -0.007126076 -0.004896309 0.059043299 0.007181502 0.998229623 0.018885644
0.998178363 0.001220992 -0.060319636 -0.021274881 -0.001633324 0.999975622 -0.006786936 -0.004354366 0.060309865 0.006873094 0.998156071 0.019366652
0.998131871 0.002708235 -0.061035752 -0.019626608 -0.003213832 0.999961257 -0.008186956 -0.003891360 0.061011225 0.008367820 0.998102069 0.019804928
0.997990012 0.002109007 -0.063336417 -0.021729752 -0.002650929 0.999960542 -0.008473397 -0.002949438 0.063316047 0.008624264 0.997956336 0.021061119
0.998270571 -0.002054401 -0.058750924 -0.021435026 0.001557697 0.999962628 -0.008498989 -0.002980425 0.058766190 0.008392774 0.998236537 0.020530069
0.998142183 -0.002991202 -0.060852870 -0.020976197 0.002490737 0.999962449 -0.008298395 -0.002930949 0.060875393 0.008131409 0.998112261 0.020183677
0.997915089 -0.004732132 -0.064365238 -0.021623285 0.004307655 0.999968112 -0.006731979 -0.003184275 0.064395040 0.006440681 0.997903705 0.021052737
0.998135269 -0.006836203 -0.060657326 -0.021155724 0.006353932 0.999946713 -0.008140041 -0.002018717 0.060709734 0.007739448 0.998125494 0.020085642
0.998025179 -0.006527376 -0.062473301 -0.022031050 0.006019884 0.999947429 -0.008308107 -0.000899541 0.062524237 0.007915617 0.998012066 0.021412093
0.998013973 -0.005178842 -0.062781058 -0.021289218 0.004587885 0.999943852 -0.009553429 -0.002125893 0.062826999 0.009246420 0.997981668 0.022233466
0.997962952 -0.005716328 -0.063539408 -0.020916298 0.005197053 0.999951780 -0.008334777 -0.001946781 0.063583985 0.007987581 0.997944534 0.021063367
0.998146236 -0.004332135 -0.060706906 -0.021659773 0.003743216 0.999944925 -0.009811418 -0.002739934 0.060746051 0.009565989 0.998107433 0.019610506
0.998043299 -0.001237528 -0.062513769 -0.022373969 0.000765399 0.999970973 -0.007575800 -0.003295528 0.062521331 0.007513130 0.998015344 0.020746456
0.997938573 -0.002320020 -0.064132236 -0.022943834 0.001798876 0.999964893 -0.008182610 -0.002864968 0.064148955 0.008050378 0.997907937 0.021925064
0.997729778 -0.002038551 -0.067313701 -0.023483839 0.001641418 0.999980927 -0.005954516 -0.003010687 0.067324549 0.005830508 0.997714162 0.023170788
0.998009682 0.001734324 -0.063036062 -0.022343280 -0.002285920 0.999959707 -0.008679455 -0.004143722 0.063018456 0.008806275 0.997973561 0.021368023
0.997518837 -0.000337636 -0.070398860 -0.022696182 -0.000201078 0.999970794 -0.007645089 -0.003158201 0.070399366 0.007640277 0.997489631 0.023408525
0.997705340 -0.002785977 -0.067648679 -0.021647014 0.002327009 0.999973714 -0.006862447 -0.002661298 0.067666024 0.006689279 0.997685671 0.022939088
0.998148859 -0.003092047 -0.060739934 -0.021544991 0.002527207 0.999952853 -0.009373957 -0.003090713 0.060766049 0.009203101 0.998109579 0.020921914
0.997608662 -0.004568289 -0.068964913 -0.022165306 0.003986821 0.999955356 -0.008566617 -0.001751241 0.069000967 0.008271179 0.997582257 0.023522774
0.997637987 -0.005485490 -0.068471104 -0.021390554 0.004947599 0.999955654 -0.008022809 -0.003625568 0.068512075 0.007665090 0.997620821 0.023214061
0.997866333 -0.001560958 -0.065270975 -0.021208666 0.000884412 0.999945581 -0.010392798 -0.004322372 0.065283671 0.010312898 0.997813404 0.020823719
0.998035252 -0.002916083 -0.062585860 -0.020730158 0.002397728 0.999962151 -0.008355819 -0.002601515 0.062607855 0.008189337 0.998004556 0.020224240
0.998287439 -0.002087217 -0.058461446 -0.022139935 0.001644902 0.999969602 -0.007613047 -0.002536680 0.058475565 0.007503846 0.998260677 0.019963119
0.998226464 -0.000639760 -0.059526533 -0.022239286 0.000269887 0.999980569 -0.006221401 -0.004248628 0.059529357 0.006194301 0.998207331 0.020171352
0.997704148 -0.003520952 -0.067630775 -0.022465721 0.003179371 0.999981642 -0.005157661 -0.003156217 0.067647681 0.004930797 0.997697055 0.023912193
0.997794092 -0.002429194 -0.066339880 -0.023062546 0.002030553 0.999979496 -0.006075853 -0.002869192 0.066353269 0.005927744 0.997778594 0.023357326
0.997725427 -0.001865735 -0.067382827 -0.023371795 0.001429203 0.999977648 -0.006526032 -0.002503366 0.067393497 0.006414884 0.997705936 0.022606686
0.997804701 0.002724892 -0.066167876 -0.023210410 -0.003105569 0.999979258 -0.005651030 -0.005312736 0.066151090 0.005844114 0.997792542 0.022925461
0.996984005 0.012922450 -0.076523334 -0.022929167 -0.013534448 0.999880433 -0.007484319 -0.008386028 0.076417468 0.008497449 0.997039616 0.027098306
0.996566534 0.019222151 -0.080533460 -0.022871021 -0.020382116 0.999699712 -0.013606217 -0.010670864 0.080247723 0.015200941 0.996659040 0.030141199
0.995877981 0.018183803 -0.088861004 -0.023126232 -0.020160995 0.999567628 -0.021403659 -0.012604641 0.088433385 0.023106961 0.995814085 0.036017884
0.995462835 0.031962346 -0.089621246 -0.017290447 -0.034095097 0.999168277 -0.022367945 -0.015621274 0.088831753 0.025322106 0.995724738 0.035656303
0.996561468 0.053271338 -0.063461497 -0.010504281 -0.054772109 0.998253345 -0.022147138 -0.025053583 0.062170833 0.025546905 0.997738540 0.024616739
0.997696996 0.061605901 -0.028379988 -0.009170619 -0.062463026 0.997584939 -0.030375190 -0.026226647 0.026440158 0.032077935 0.999135613 0.010848247
0.997696757 0.058544297 -0.034257513 -0.013182920 -0.059022069 0.998170614 -0.013104713 -0.029115705 0.033427626 0.015096478 0.999327123 0.015629984
0.998205364 0.057209399 -0.017695647 -0.015496596 -0.057385474 0.998305857 -0.009607073 -0.032577027 0.017116040 0.010605304 0.999797285 0.014170172
0.998240292 0.059107050 -0.004764810 -0.019753762 -0.059159718 0.998178840 -0.011794479 -0.032925799 0.004058987 0.012055609 0.999919116 0.015635239
0.998487175 0.054791354 -0.004603535 -0.023787497 -0.054857675 0.998369396 -0.015788401 -0.033238176 0.003730945 0.016017055 0.999864757 0.019552397
0.998814404 0.048657209 -0.001465112 -0.025981175 -0.048676226 0.998635769 -0.018900847 -0.037549127 0.000543445 0.018949758 0.999820352 0.023813417
0.998419464 0.055632912 -0.007959992 -0.028361121 -0.055785581 0.998233318 -0.020450804 -0.036236696 0.006808180 0.020862533 0.999759197 0.027894953
0.998441398 0.054568484 -0.011693113 -0.031801533 -0.054772727 0.998338103 -0.017923065 -0.037447270 0.010695636 0.018535597 0.999771059 0.034351416
0.998465657 0.053675853 -0.013607984 -0.034394115 -0.053963546 0.998306215 -0.021738093 -0.039862841 0.012418128 0.022439079 0.999671042 0.041750569
0.998458922 0.055472977 0.001520168 -0.036561944 -0.055416055 0.998135507 -0.025581332 -0.043228049 -0.002936407 0.025457669 0.999671638 0.042279430
0.998581409 0.043332588 0.030942332 -0.033382576 -0.043137610 0.999045014 -0.006941863 -0.048174154 -0.031213593 0.005597237 0.999497056 0.045464065
0.994068146 0.035820138 0.102691136 -0.039184973 -0.036720332 0.999301851 0.006888423 -0.059729677 -0.102372713 -0.010618415 0.994689465 0.031167593
0.987980306 0.010291163 0.154237583 -0.039836105 -0.017093310 0.998935759 0.042840660 -0.068546697 -0.153632566 -0.044962153 0.987104654 0.022330170
0.981003881 0.006911971 0.193864793 -0.042875435 -0.018011644 0.998293340 0.055550642 -0.080271140 -0.193149984 -0.057987217 0.979454279 0.013442663
0.973271191 -0.003397622 0.229633421 -0.044566724 -0.006174553 0.999141932 0.040953226 -0.086461194 -0.229575545 -0.041276477 0.972415328 0.004185478
0.966065705 -0.002982036 0.258278996 -0.048242338 -0.007449864 0.999195695 0.039401971 -0.099627107 -0.258188784 -0.039989043 0.965266585 -0.003841517
0.949517190 -0.029381901 0.312335879 -0.045235910 0.026502047 0.999558151 0.013462353 -0.113907486 -0.312593460 -0.004505195 0.949876487 -0.019551309
0.911485553 -0.073942639 0.404631525 -0.061283413 0.075672947 0.997063577 0.011740815 -0.147231683 -0.404311448 0.019918075 0.914404511 -0.061320987
0.886893034 -0.086439058 0.453816384 -0.076534532 0.089180991 0.995896339 0.015403470 -0.171146438 -0.453285515 0.026810568 0.890962064 -0.011761975
0.859040141 -0.077583916 0.505994797 -0.077719748 0.082098044 0.996534050 0.013418084 -0.174965277 -0.505282044 0.030014522 0.862432122 0.000173688
0.848196626 -0.075629950 0.524254382 -0.082239270 0.090497687 0.995892882 -0.002747723 -0.184942216 -0.521893382 0.049774412 0.851557314 -0.017140210
0.854624033 -0.066728003 0.514941871 -0.055913150 0.088606261 0.995904267 -0.018002763 -0.194950923 -0.511631250 0.061012682 0.857036114 -0.040872645
0.863393009 -0.064305574 0.500416994 -0.034085147 0.087643974 0.995880663 -0.023241661 -0.200769082 -0.496861011 0.063925214 0.865472496 -0.057002656
0.872397661 -0.060464408 0.485042661 -0.001475964 0.092655465 0.994784713 -0.042642318 -0.215304583 -0.479934692 0.082142912 0.873450220 -0.077989079
0.866626799 -0.063458316 0.494904995 0.018230014 0.098385625 0.994138956 -0.044811096 -0.233406261 -0.489160776 0.087526053 0.867790878 -0.089010090
0.870102525 -0.071694285 0.487628490 0.031213326 0.099485822 0.994546890 -0.031293400 -0.274127454 -0.482725799 0.075740598 0.872490227 -0.094805151
0.883326709 -0.076642543 0.462449759 0.025391337 0.093924038 0.995474815 -0.014422921 -0.321671754 -0.459251761 0.056175310 0.886528134 -0.091711879
0.902440727 -0.087427244 0.421849728 0.000554878 0.094837390 0.995486856 0.003431429 -0.403404564 -0.420245886 0.036910471 0.906659186 -0.094659120
0.916036606 -0.091391712 0.390543818 -0.022972345 0.094995402 0.995426238 0.010125456 -0.463505030 -0.389682889 0.027824579 0.920528650 -0.088087454
0.922178745 -0.111361116 0.370384932 -0.038978592 0.109079912 0.993661523 0.027171951 -0.493918121 -0.371063143 0.015344160 0.928480744 -0.081750058
0.925554633 -0.130590916 0.355379581 -0.026258044 0.125867113 0.991375864 0.036489945 -0.521809459 -0.357079953 0.010957167 0.934009552 -0.096442454
0.924035490 -0.132448584 0.358630210 -0.026444273 0.126799121 0.991147935 0.039342009 -0.532098472 -0.360666364 0.009120586 0.932650208 -0.054501690
0.925368190 -0.113874361 0.361561298 -0.022409044 0.104944706 0.993490398 0.044309549 -0.545812011 -0.364253402 -0.003058696 0.931294858 -0.027804850
0.925888956 -0.091543801 0.366537035 -0.009357547 0.083704077 0.995793700 0.037262425 -0.560230196 -0.368406415 -0.003820223 0.929656982 0.002925988
0.926648855 -0.071931303 0.368982106 -0.000138750 0.064918824 0.997396231 0.031402797 -0.564529061 -0.370280236 -0.005145482 0.928905845 0.034995459
0.919961035 -0.061059728 0.387225389 0.002458732 0.052388489 0.998084009 0.032919768 -0.566979587 -0.388493568 -0.009998749 0.921397150 0.059339501
0.908333719 -0.076212473 0.411243558 0.031002305 0.069033839 0.997091115 0.032304443 -0.567871153 -0.412509292 -0.000953492 0.910952747 0.089995384
0.894398272 -0.079809144 0.440093279 0.041514680 0.075037725 0.996780097 0.028263412 -0.574967206 -0.440931886 0.007744851 0.897507131 0.133259192
0.872652650 -0.079089925 0.481894076 0.041990597 0.083502054 0.996431351 0.012325075 -0.586228251 -0.481149226 0.029483637 0.876142740 0.162836328
0.867667377 -0.075710580 0.491346300 0.049859844 0.076275125 0.996907473 0.018917363 -0.587893724 -0.491258979 0.021063527 0.870758832 0.181614935
0.854581654 -0.074937887 0.513881743 0.049880613 0.070274010 0.997119248 0.028541828 -0.594577730 -0.514540195 0.011721209 0.857386112 0.208138943
0.857505262 -0.072914973 0.509281993 0.061074466 0.051533740 0.997100770 0.055986874 -0.584497392 -0.511887729 -0.021763831 0.858776629 0.255904168
0.856406808 -0.071173422 0.511372387 0.069001570 0.043678679 0.996889651 0.065598629 -0.582802713 -0.514450729 -0.033843037 0.856851816 0.305967480
0.855523646 -0.075665228 0.512205243 0.085430607 0.052764334 0.996854842 0.059128869 -0.572085559 -0.515068233 -0.023559969 0.856825292 0.361457497
0.842696249 -0.085364662 0.531578660 0.095514596 0.074623607 0.996339500 0.041700549 -0.560314417 -0.533192456 0.004527436 0.845981777 0.411982059
0.846196592 -0.098056622 0.523771167 0.103292100 0.086886950 0.995158672 0.045933090 -0.559561312 -0.525739431 0.006640457 0.850619614 0.455191135
0.864463329 -0.086529002 0.495192736 0.113300458 0.070101634 0.996199310 0.051696729 -0.584951699 -0.497784048 -0.009976102 0.867243588 0.514289856
0.886141360 -0.094680622 0.453639895 0.122288257 0.075636081 0.995329201 0.059990622 -0.600717425 -0.457201004 -0.018848624 0.889163673 0.548075676
0.892515838 -0.095195562 0.440855235 0.131302446 0.069867328 0.994854033 0.073375560 -0.603457510 -0.445571631 -0.034687474 0.894574046 0.578297079
0.884360433 -0.101782762 0.455573112 0.145102918 0.063903168 0.993148625 0.097837180 -0.595716298 -0.462409943 -0.057410769 0.884805620 0.639705420
0.870254934 -0.094695710 0.483414054 0.154702321 0.051654443 0.993481040 0.101622745 -0.590792239 -0.489885926 -0.063467205 0.869473219 0.683505893
0.849993229 -0.086485498 0.519645810 0.176067352 0.039961200 0.994174838 0.100096971 -0.592911005 -0.525275767 -0.064316072 0.848497987 0.724870682
0.815265417 -0.080411308 0.573477387 0.198606551 0.033662152 0.995218277 0.091691896 -0.601503551 -0.578108251 -0.055448752 0.814073861 0.776742220
0.777117908 -0.082048066 0.623983860 0.216274709 0.034703363 0.995543718 0.087684661 -0.611105978 -0.628397465 -0.046486992 0.776502132 0.824954152
0.744308472 -0.089889988 0.661758840 0.242759615 0.048135124 0.995543778 0.081090041 -0.612048507 -0.666099072 -0.028502150 0.745318532 0.894034743
0.728470504 -0.099206842 0.677856088 0.258104742 0.048063558 0.994422138 0.093885146 -0.610631824 -0.683389068 -0.035812385 0.729175508 0.933340371
0.717209280 -0.104058631 0.689044714 0.285963178 0.045852948 0.993692160 0.102338932 -0.609405577 -0.695347607 -0.041803703 0.717456698 0.962675393
0.717320263 -0.105877526 0.688651979 0.312568337 0.042445019 0.993191302 0.108487241 -0.597895324 -0.695449531 -0.048590247 0.716930151 1.005297303
0.717486799 -0.117404431 0.686606765 0.358199418 0.051810075 0.991958141 0.115476936 -0.587849140 -0.694642603 -0.047280021 0.717799544 1.060312390
0.712648749 -0.117811479 0.691557705 0.407224357 0.058040313 0.992319703 0.109237872 -0.588551104 -0.699115932 -0.037710015 0.714013338 1.097210526
0.710578144 -0.114763692 0.694195926 0.461746693 0.056912649 0.992750525 0.105864689 -0.593433857 -0.701312840 -0.035716604 0.711958349 1.144243360
0.704586983 -0.095722266 0.703131855 0.521469474 0.041583419 0.994727015 0.093749672 -0.600761175 -0.708398163 -0.036816169 0.704852164 1.195701241
0.699746490 -0.083990335 0.709436595 0.587688565 0.023210123 0.995213211 0.094930395 -0.597184837 -0.714014053 -0.049961090 0.698346555 1.273912311
0.688928664 -0.088255152 0.719436109 0.637251258 0.011378457 0.993754208 0.111010522 -0.600949764 -0.724739850 -0.068292253 0.685629904 1.290215015
0.671071351 -0.093170300 0.735515118 0.689855635 0.011656681 0.993275464 0.115186363 -0.597910762 -0.741301179 -0.068724588 0.667644858 1.334859371
0.648649752 -0.103161328 0.754063070 0.722490311 0.025941242 0.993192315 0.113561139 -0.610517263 -0.760644794 -0.054100078 0.646910131 1.361967683
0.634553254 -0.106059037 0.765567482 0.755129695 0.040425345 0.993738532 0.104161821 -0.623855591 -0.771821141 -0.035147890 0.634867549 1.384225845
0.620616138 -0.100943185 0.777589917 0.780631423 0.050324321 0.994762182 0.088970266 -0.621909857 -0.782498002 -0.016084686 0.622445345 1.407376647
0.621329367 -0.112489894 0.775432825 0.796409667 0.059004378 0.993548214 0.096852988 -0.626440108 -0.781324804 -0.014423670 0.623958051 1.421639204
0.616592407 -0.114550345 0.778904319 0.847436666 0.048338447 0.992999911 0.107771076 -0.619933248 -0.785797238 -0.028799793 0.617813408 1.464960814
0.623235285 -0.122668937 0.772353709 0.891626239 0.041692171 0.991428375 0.123820797 -0.603890657 -0.780922353 -0.044968382 0.623007476 1.503919125
0.628461599 -0.125546768 0.767641842 0.954502940 0.044929121 0.991099775 0.125309929 -0.597911835 -0.776542008 -0.044262998 0.628508806 1.542151093
0.633887291 -0.116576090 0.764589369 1.000902891 0.032884169 0.991743684 0.123947263 -0.592675745 -0.772726059 -0.053425722 0.632487297 1.612102747
0.680037498 -0.111669131 0.724623322 1.088092923 0.037915919 0.992366850 0.117347181 -0.583916485 -0.732196271 -0.052325726 0.679080725 1.624211073
0.695061088 -0.102254815 0.711641848 1.117850661 0.027012624 0.992849231 0.116277911 -0.605865717 -0.718443096 -0.061596930 0.692853034 1.630430102
0.709711075 -0.096645914 0.697832167 1.166471362 0.029312905 0.993738651 0.107815452 -0.599177957 -0.703882754 -0.056062330 0.708100259 1.672077417
0.716942906 -0.091990322 0.691035926 1.217849493 0.018252775 0.993392825 0.113302827 -0.593039513 -0.696892858 -0.068618335 0.713885009 1.705757380
0.716892898 -0.098514751 0.690187991 1.286136746 0.021861510 0.992655873 0.118980475 -0.591581762 -0.696840525 -0.070207700 0.713781655 1.741073608
0.701810479 -0.092722237 0.706303477 1.312776446 0.012107844 0.992902160 0.118315578 -0.571381330 -0.712260783 -0.074483290 0.697951794 1.796981335
0.680884302 -0.105380863 0.724769950 1.378200769 0.021931101 0.992084146 0.123644948 -0.581408441 -0.732062638 -0.068292893 0.677805603 1.855458021
0.657952189 -0.095319152 0.747002780 1.414126158 0.043783687 0.995121002 0.088415340 -0.598441303 -0.751785815 -0.025466532 0.658915520 1.904377341
0.650924325 -0.094320528 0.753260374 1.459982634 0.054675847 0.995499432 0.077405080 -0.580201268 -0.757171094 -0.009199701 0.653151810 1.945986390
0.638732135 -0.106259897 0.762056530 1.519325018 0.061470944 0.994299412 0.087120436 -0.597757757 -0.766969860 -0.008802280 0.641622841 1.951543331
0.635736167 -0.103479683 0.764938831 1.552228212 0.059843101 0.994598329 0.084812373 -0.595728815 -0.769583106 -0.008141998 0.638494670 1.985673189
0.650864005 -0.073279738 0.755649388 1.613056660 0.054199655 0.997276187 0.050027862 -0.576128244 -0.757257104 0.008394595 0.653062940 2.001121759
0.691609085 -0.031083988 0.721602857 1.685515404 0.038815249 0.999229312 0.005841238 -0.577747583 -0.721228302 0.023969339 0.692282617 2.003924131
0.697230041 -0.044323444 0.715475976 1.717259526 0.034951814 0.999001503 0.027827259 -0.596876323 -0.715994835 0.005605173 0.698083162 2.015305042
0.724029899 -0.055940129 0.687496543 1.763203859 0.042202987 0.998431325 0.036794588 -0.576193392 -0.688476264 0.002374021 0.725255013 2.017704010
0.769945681 -0.059791990 0.635301769 1.781022429 0.048270166 0.998205185 0.035446547 -0.559952497 -0.636280894 0.003374208 0.771450043 2.049417973
0.824618816 -0.078523740 0.560212314 1.811682940 0.060139272 0.996875644 0.051206373 -0.564401507 -0.562482953 -0.008534979 0.826764703 2.045600414
0.864305973 -0.109475955 0.490907401 1.823036671 0.091125958 0.993955791 0.061220400 -0.545483887 -0.494642437 -0.008178743 0.869058073 2.072999001
0.888330340 -0.137756944 0.438055009 1.854825258 0.121226110 0.990452409 0.065637536 -0.530692816 -0.442914665 -0.005204110 0.896548688 2.112794161
0.906743109 -0.142246231 0.396967083 1.870316982 0.115622163 0.989175379 0.090352252 -0.533094049 -0.405522317 -0.036028102 0.913374841 2.103861094
0.909892142 -0.152735472 0.385704696 1.864737272 0.123493128 0.987329483 0.099648282 -0.526313901 -0.396037519 -0.043037303 0.917225301 2.086048603
0.912728369 -0.162059009 0.375051677 1.867750645 0.128860846 0.985300541 0.112149581 -0.523718596 -0.387713492 -0.054032639 0.920194924 2.076933861
0.919251144 -0.156399399 0.361270487 1.875134945 0.119613305 0.985273421 0.122184008 -0.518778443 -0.375059694 -0.069105044 0.924421310 2.087218285
0.919050217 -0.159769744 0.360306084 1.880907297 0.122363217 0.984645367 0.124501415 -0.520807505 -0.374665260 -0.070334822 0.924488485 2.079074860
0.915913820 -0.153218821 0.370979726 1.879224300 0.112285912 0.985179365 0.129666865 -0.520946264 -0.385349005 -0.077107877 0.919543684 2.083230972
0.908503711 -0.141787112 0.393086970 1.884778142 0.097403467 0.986618280 0.130755574 -0.494222075 -0.406366199 -0.080503911 0.910156906 2.125756502
0.904075742 -0.142033219 0.403080165 1.893305540 0.094985485 0.986348629 0.134514600 -0.491012812 -0.416683108 -0.083324626 0.905224860 2.128008127
0.901400268 -0.145221502 0.407907128 1.896396041 0.097687222 0.985996485 0.135159627 -0.492147386 -0.421823084 -0.081985600 0.902963817 2.130102158
0.898761749 -0.142384797 0.414673150 1.901057363 0.094977207 0.986568153 0.132900819 -0.491520524 -0.428026378 -0.080061696 0.900213063 2.131363392
0.897447109 -0.139942259 0.418336004 1.921920896 0.093078107 0.987067342 0.130516529 -0.493852586 -0.431190610 -0.078193739 0.898866177 2.139417171
0.895619452 -0.138928756 0.422568858 1.921702981 0.091151126 0.987136483 0.131351128 -0.495367795 -0.435381562 -0.079122998 0.896762192 2.140068531
0.889052272 -0.146825448 0.433622271 1.918059468 0.097510159 0.986172855 0.133995920 -0.501659513 -0.447300524 -0.076846808 0.891076207 2.137356520
0.880644023 -0.145596623 0.450852156 1.898249030 0.092772424 0.986180663 0.137262493 -0.506525517 -0.464606673 -0.079052746 0.881981432 2.125428677
0.879236877 -0.142667353 0.454519928 1.901543498 0.087762862 0.986281455 0.139808595 -0.505016208 -0.468230754 -0.083034910 0.879696131 2.126943588
0.875259519 -0.146791980 0.460839242 1.899421930 0.088886954 0.985421121 0.145067364 -0.508298278 -0.475415438 -0.086008996 0.875546992 2.123513460
0.874147654 -0.149355605 0.462124020 1.903293371 0.086963937 0.984296024 0.153618485 -0.504097462 -0.477810562 -0.094097123 0.873408675 2.129156828
0.874886930 -0.152016401 0.459851831 1.903786898 0.087256581 0.983402073 0.159080774 -0.498319685 -0.476402104 -0.099052601 0.873630166 2.134590149
0.876438260 -0.154069677 0.456200033 1.912793875 0.086184211 0.982322156 0.166179121 -0.499570817 -0.473738551 -0.106328487 0.874223113 2.135859013
0.880080998 -0.160296485 0.446947902 1.910710812 0.095335618 0.981777966 0.164387107 -0.495618045 -0.465154290 -0.102063917 0.879326165 2.139880896
0.889065027 -0.164810002 0.427084416 1.917147040 0.109063677 0.982338309 0.152041286 -0.486901522 -0.444599301 -0.088595182 0.891337454 2.144177675
0.894547284 -0.170196414 0.413301766 1.925965190 0.119872615 0.982144415 0.144992635 -0.489001691 -0.430599242 -0.080159210 0.898976505 2.154440403
0.898203492 -0.184694782 0.398896396 1.919918060 0.137938350 0.980037987 0.143173054 -0.493026465 -0.417376935 -0.073575445 0.905750036 2.156024933
0.898678541 -0.191004947 0.394834071 1.911906242 0.147164702 0.979325116 0.138797954 -0.491673201 -0.413182080 -0.066629112 0.908207655 2.152925253
0.902796805 -0.195113644 0.383260548 1.917411208 0.154101729 0.978751063 0.135273844 -0.487378389 -0.401510358 -0.063063666 0.913680673 2.161509275
0.904101610 -0.203844383 0.375563145 1.915464640 0.163863435 0.977082968 0.135859102 -0.489380121 -0.394650489 -0.061289392 0.916784942 2.167501688
0.904407322 -0.208166659 0.372443497 1.918402433 0.170421690 0.976496756 0.131948754 -0.490998626 -0.391157269 -0.055862948 0.918626904 2.166222572
0.903323233 -0.211015403 0.373469591 1.910976768 0.170131430 0.975475311 0.139654309 -0.483474880 -0.393779516 -0.062614068 0.917069972 2.162543297
0.904449522 -0.218203992 0.366548747 1.913254023 0.177568153 0.973869026 0.141592860 -0.484365314 -0.387866616 -0.062976189 0.919561505 2.171311378
0.907105505 -0.230440587 0.352216631 1.923708677 0.192526087 0.971304297 0.139648288 -0.491202980 -0.374290168 -0.058864854 0.925441384 2.185780048
0.909692526 -0.237719983 0.340512365 1.912401676 0.199958980 0.969379306 0.142548844 -0.492479026 -0.363972396 -0.061587125 0.929371297 2.195292234
0.913163006 -0.243463531 0.326892555 1.907067299 0.205407515 0.967596412 0.146849215 -0.487378776 -0.352052569 -0.066951111 0.933582604 2.197789669
0.916607738 -0.255998850 0.307074338 1.911271095 0.219288349 0.964178801 0.149238139 -0.490135640 -0.334279299 -0.069455035 0.939911366 2.206781149
0.917659104 -0.264342964 0.296689272 1.900141001 0.227929294 0.961753726 0.151914567 -0.494323403 -0.325499564 -0.071781605 0.942813635 2.204558372
0.921369016 -0.258436352 0.290326715 1.898403645 0.222881615 0.963221967 0.150090635 -0.494731992 -0.318437874 -0.073580392 0.945083797 2.208961010
0.925275564 -0.253792077 0.281877607 1.894040346 0.220073909 0.964496315 0.145994529 -0.488356352 -0.308922142 -0.073051289 0.948277712 2.207992554
0.928866506 -0.252638221 0.270889342 1.890890598 0.220473766 0.964742243 0.143749014 -0.490120739 -0.297654867 -0.073799655 0.951816797 2.205559731
0.930918515 -0.248268917 0.267868221 1.891714096 0.216615260 0.965822279 0.142355517 -0.487738609 -0.294055611 -0.074497037 0.952880621 2.202179432
0.929302216 -0.252945513 0.269102514 1.892661810 0.220984846 0.964648247 0.143594906 -0.484874576 -0.295910954 -0.073975489 0.952346742 2.203042507
