1.000000000 0.000000000 0.000000000 0.000000000 0.000000000 1.000000000 0.000000000 0.000000000 0.000000000 0.000000000 1.000000000 0.000000000
0.998372793 -0.000365099 -0.057022788 -0.063116223 0.000301815 0.999999344 -0.001118414 -0.001976999 0.057023160 0.001099383 0.998372257 0.563025475
0.998374224 -0.000117723 -0.056998853 -0.064234912 0.000055082 0.999999404 -0.001100551 -0.001536938 0.056998946 0.001095622 0.998373628 0.556361318
0.998375952 -0.000115442 -0.056968741 -0.064572200 0.000054828 0.999999404 -0.001065549 -0.001892218 0.056968834 0.001060695 0.998375416 0.555946648
0.998376429 -0.000120302 -0.056960095 -0.064982042 0.000059227 0.999999404 -0.001073925 -0.001598303 0.056960192 0.001068808 0.998375893 0.556323230
0.998375773 -0.000138864 -0.056971796 -0.064040855 0.000079061 0.999999464 -0.001051945 -0.001810464 0.056971911 0.001045732 0.998375237 0.554493248
0.998380423 -0.000204604 -0.056890655 -0.064082734 0.000147385 0.999999464 -0.001009966 -0.002344243 0.056890834 0.000999945 0.998379886 0.550759673
0.998382986 -0.000180809 -0.056845140 -0.064222485 0.000123132 0.999999464 -0.001018143 -0.002380642 0.056845292 0.001009498 0.998382509 0.548586845
0.998382866 -0.000124642 -0.056847189 -0.064251103 0.000064944 0.999999464 -0.001052008 -0.002061470 0.056847289 0.001046615 0.998382330 0.548651159
0.998382866 -0.000124506 -0.056847271 -0.064250164 0.000064802 0.999999464 -0.001052082 -0.002060195 0.056847367 0.001046697 0.998382330 0.548655272
0.998382866 -0.000141229 -0.056847196 -0.063916653 0.000082110 0.999999464 -0.001042297 -0.002233444 0.056847312 0.001035944 0.998382330 0.547784865
0.998382866 -0.000140817 -0.056846950 -0.063920975 0.000081681 0.999999464 -0.001042599 -0.002231109 0.056847066 0.001036270 0.998382390 0.547783136
0.998382866 -0.000140711 -0.056847040 -0.063920848 0.000081572 0.999999464 -0.001042643 -0.002230722 0.056847155 0.001036320 0.998382330 0.547780812
0.998382866 -0.000140963 -0.056847032 -0.063921809 0.000081830 0.999999464 -0.001042542 -0.002230697 0.056847148 0.001036204 0.998382330 0.547778308
0.998382866 -0.000141105 -0.056847189 -0.063917354 0.000081973 0.999999464 -0.001042521 -0.002231804 0.056847304 0.001036175 0.998382330 0.547775269
0.998383284 -0.000089710 -0.056840647 -0.064027928 0.000028729 0.999999404 -0.001073668 -0.001957210 0.056840710 0.001070299 0.998382688 0.547702014
0.998383224 -0.000089704 -0.056840807 -0.064023629 0.000028725 0.999999404 -0.001073618 -0.001958458 0.056840871 0.001070249 0.998382688 0.547706485
0.998383284 -0.000090161 -0.056840733 -0.064022571 0.000029199 0.999999404 -0.001073322 -0.001960555 0.056840796 0.001069927 0.998382688 0.547703087
0.998383284 -0.000090187 -0.056840647 -0.064021990 0.000029226 0.999999404 -0.001073321 -0.001962319 0.056840710 0.001069924 0.998382688 0.547699451
0.998387814 -0.000067134 -0.056760192 -0.064833850 0.000005455 0.999999404 -0.001086806 -0.001915726 0.056760233 0.001084744 0.998387277 0.546509206
0.998387814 -0.000068193 -0.056760255 -0.064827383 0.000006558 0.999999404 -0.001086071 -0.001922343 0.056760296 0.001083948 0.998387218 0.546513855
0.998388410 -0.000073055 -0.056750294 -0.064917028 0.000011620 0.999999404 -0.001082876 -0.001963016 0.056750342 0.001080471 0.998387814 0.546356022
0.998388410 -0.000072657 -0.056750175 -0.064918011 0.000011221 0.999999404 -0.001082900 -0.001965187 0.056750219 0.001080518 0.998387814 0.546349704
0.998388410 -0.000072827 -0.056750391 -0.064913258 0.000011397 0.999999404 -0.001082777 -0.001965468 0.056750439 0.001080385 0.998387814 0.546353459
0.998388708 -0.000067569 -0.056745216 -0.064973861 0.000006160 0.999999404 -0.001082360 -0.001973188 0.056745254 0.001080266 0.998388112 0.546327591
0.998388648 -0.000083167 -0.056745421 -0.064664528 0.000022438 0.999999404 -0.001070835 -0.002229291 0.056745477 0.001067836 0.998388112 0.545521796
0.998388588 -0.000078358 -0.056746542 -0.064868808 0.000017262 0.999999404 -0.001077134 -0.002047120 0.056746595 0.001074419 0.998388052 0.546149731
0.998388588 -0.000078885 -0.056746542 -0.064866468 0.000017801 0.999999404 -0.001076948 -0.002047776 0.056746595 0.001074202 0.998388052 0.546147525
0.998388588 -0.000078629 -0.056746513 -0.064866573 0.000017534 0.999999404 -0.001077137 -0.002044884 0.056746565 0.001074406 0.998388052 0.546141863
0.998388588 -0.000078391 -0.056746460 -0.064868346 0.000017294 0.999999404 -0.001077155 -0.002045680 0.056746513 0.001074438 0.998388052 0.546134710
0.998388648 -0.000078669 -0.056746423 -0.064868942 0.000017567 0.999999404 -0.001077258 -0.002042428 0.056746475 0.001074525 0.998388052 0.546144009
0.998388588 -0.000078774 -0.056746509 -0.064868346 0.000017686 0.999999404 -0.001077004 -0.002045682 0.056746557 0.001074265 0.998388052 0.546140909
0.998388648 -0.000078947 -0.056746129 -0.064872071 0.000017858 0.999999404 -0.001077031 -0.002046387 0.056746181 0.001074282 0.998388052 0.546136379
0.998390317 -0.000037046 -0.056717001 -0.064657137 -0.000024278 0.999999404 -0.001080537 -0.002283442 0.056717008 0.001080175 0.998389721 0.543458998
0.998390675 -0.000027603 -0.056710642 -0.064404204 -0.000033406 0.999999404 -0.001074845 -0.002633652 0.056710638 0.001075010 0.998390079 0.542327583
0.998390734 -0.000034285 -0.056708891 -0.064209826 -0.000026337 0.999999404 -0.001068242 -0.002816522 0.056708895 0.001068017 0.998390198 0.541716278
0.998390734 -0.000034263 -0.056708831 -0.064211205 -0.000026362 0.999999404 -0.001068319 -0.002814227 0.056708835 0.001068095 0.998390198 0.541712642
0.998391509 0.000068276 -0.056695160 -0.064804032 -0.000130970 0.999999404 -0.001102083 -0.002737381 0.056695048 0.001107736 0.998390913 0.542173743
0.998391509 0.000068670 -0.056695163 -0.064801916 -0.000131366 0.999999404 -0.001102116 -0.002737459 0.056695051 0.001107791 0.998390913 0.542173684
0.998391569 0.000068402 -0.056695018 -0.064805463 -0.000131099 0.999999404 -0.001102147 -0.002735474 0.056694906 0.001107807 0.998390913 0.542174280
0.998391509 0.000068703 -0.056695070 -0.064805076 -0.000131407 0.999999404 -0.001102269 -0.002731977 0.056694958 0.001107946 0.998390913 0.542180657
0.998391509 0.000069638 -0.056695212 -0.064821348 -0.000132385 0.999999404 -0.001102997 -0.002715575 0.056695100 0.001108729 0.998390913 0.542241931
0.998391509 0.000070281 -0.056695174 -0.064820752 -0.000133041 0.999999404 -0.001103197 -0.002715484 0.056695063 0.001108965 0.998390913 0.542240441
0.998391509 0.000070175 -0.056695178 -0.064819738 -0.000132928 0.999999404 -0.001103076 -0.002718239 0.056695066 0.001108838 0.998390913 0.542236149
0.998391509 0.000070242 -0.056695126 -0.064820215 -0.000132997 0.999999404 -0.001103119 -0.002717500 0.056695014 0.001108885 0.998390913 0.542230606
0.998391390 0.000073052 -0.056697965 -0.064791545 -0.000135789 0.999999404 -0.001102652 -0.002723397 0.056697849 0.001108577 0.998390794 0.542244554
0.998391390 0.000073154 -0.056697987 -0.064789526 -0.000135897 0.999999404 -0.001102758 -0.002721928 0.056697872 0.001108689 0.998390794 0.542247951
0.998391390 0.000073475 -0.056697946 -0.064787894 -0.000136226 0.999999404 -0.001102890 -0.002720754 0.056697831 0.001108839 0.998390794 0.542240441
0.998391330 0.000072607 -0.056698229 -0.064784616 -0.000135337 0.999999404 -0.001102541 -0.002723505 0.056698114 0.001108441 0.998390734 0.542241096
0.998391330 0.000072406 -0.056698281 -0.064782634 -0.000135135 0.999999404 -0.001102519 -0.002723251 0.056698166 0.001108408 0.998390734 0.542241037
0.998391330 0.000072866 -0.056698333 -0.064784139 -0.000135610 0.999999404 -0.001102782 -0.002719684 0.056698218 0.001108697 0.998390734 0.542243242
0.998391390 0.000072944 -0.056698184 -0.064785860 -0.000135689 0.999999404 -0.001102798 -0.002720680 0.056698069 0.001108717 0.998390734 0.542232156
0.998391390 0.000072657 -0.056698207 -0.064784475 -0.000135390 0.999999404 -0.001102608 -0.002724373 0.056698091 0.001108510 0.998390734 0.542235434
0.998391330 0.000072360 -0.056698255 -0.064784355 -0.000135092 0.999999404 -0.001102580 -0.002723811 0.056698140 0.001108466 0.998390734 0.542235315
0.998391330 0.000072430 -0.056698237 -0.064784646 -0.000135163 0.999999404 -0.001102599 -0.002723802 0.056698125 0.001108489 0.998390734 0.542237401
0.998391330 0.000072692 -0.056698307 -0.064783491 -0.000135429 0.999999404 -0.001102666 -0.002723649 0.056698192 0.001108570 0.998390734 0.542236388
0.998391330 0.000087772 -0.056698188 -0.064706363 -0.000150600 0.999999404 -0.001103843 -0.002821498 0.056698058 0.001110606 0.998390734 0.542038679
0.998391330 0.000080519 -0.056698263 -0.064944297 -0.000143440 0.999999404 -0.001105685 -0.002706889 0.056698140 0.001112039 0.998390734 0.542723238
0.998391211 0.000084051 -0.056701291 -0.064842001 -0.000147088 0.999999404 -0.001107567 -0.002678706 0.056701165 0.001114125 0.998390555 0.542820334
0.998393536 0.000081697 -0.056660149 -0.064231150 -0.000143574 0.999999404 -0.001088016 -0.003247006 0.056660026 0.001094403 0.998392940 0.538489282
0.998393536 0.000081592 -0.056660075 -0.064232156 -0.000143474 0.999999404 -0.001088086 -0.003245604 0.056659952 0.001094468 0.998392940 0.538490295
0.998393536 0.000082088 -0.056660064 -0.064233273 -0.000143988 0.999999404 -0.001088404 -0.003240861 0.056659941 0.001094813 0.998392940 0.538495660
0.998393536 0.000082303 -0.056660056 -0.064235583 -0.000144208 0.999999404 -0.001088474 -0.003239803 0.056659933 0.001094896 0.998392940 0.538492739
0.998393536 0.000082323 -0.056660075 -0.064236686 -0.000144227 0.999999404 -0.001088448 -0.003239859 0.056659952 0.001094871 0.998392940 0.538495481
0.998393536 0.000082063 -0.056660026 -0.064236827 -0.000143962 0.999999404 -0.001088380 -0.003240600 0.056659903 0.001094789 0.998392940 0.538493693
0.998393536 0.000082362 -0.056659970 -0.064238802 -0.000144273 0.999999404 -0.001088587 -0.003238621 0.056659847 0.001095013 0.998392940 0.538493454
0.998393536 0.000082075 -0.056659915 -0.064239100 -0.000143972 0.999999404 -0.001088355 -0.003240998 0.056659792 0.001094764 0.998392940 0.538489342
0.998393536 0.000082275 -0.056659829 -0.064240977 -0.000144182 0.999999404 -0.001088530 -0.003238511 0.056659706 0.001094950 0.998392940 0.538492501
0.998393536 0.000082718 -0.056659713 -0.064241961 -0.000144640 0.999999404 -0.001088782 -0.003236847 0.056659590 0.001095228 0.998392940 0.538485765
0.998394310 0.000109697 -0.056646220 -0.064018741 -0.000171553 0.999999404 -0.001087107 -0.003675622 0.056646068 0.001095079 0.998393714 0.536868632
0.998394310 0.000094853 -0.056645766 -0.063849196 -0.000156392 0.999999404 -0.001081944 -0.003688554 0.056645632 0.001089065 0.998393774 0.536399484
0.998394310 0.000095293 -0.056645829 -0.063850909 -0.000156834 0.999999404 -0.001081985 -0.003688209 0.056645691 0.001089132 0.998393774 0.536397398
0.998394310 0.000094977 -0.056645919 -0.063849792 -0.000156514 0.999999404 -0.001081908 -0.003688050 0.056645781 0.001089037 0.998393774 0.536400199
0.998394310 0.000095124 -0.056646116 -0.063846663 -0.000156675 0.999999404 -0.001082145 -0.003683746 0.056645978 0.001089282 0.998393714 0.536414385
0.998394310 0.000095310 -0.056646105 -0.063847527 -0.000156863 0.999999404 -0.001082189 -0.003686216 0.056645967 0.001089337 0.998393714 0.536407113
0.998394251 0.000075821 -0.056646753 -0.063740283 -0.000137127 0.999999404 -0.001078366 -0.003577189 0.056646638 0.001084402 0.998393714 0.536255717
0.998394072 0.000042374 -0.056650765 -0.063521728 -0.000102458 0.999999464 -0.001057703 -0.003593684 0.056650691 0.001061809 0.998393476 0.535626590
0.998394072 0.000019945 -0.056650978 -0.063474089 -0.000079886 0.999999464 -0.001055806 -0.003404636 0.056650925 0.001058636 0.998393476 0.535506129
0.998393893 0.000009404 -0.056653235 -0.063411400 -0.000069288 0.999999464 -0.001055064 -0.003287978 0.056653194 0.001057295 0.998393357 0.535517693
0.998393834 0.000003397 -0.056654442 -0.063648701 -0.000063355 0.999999464 -0.001056521 -0.003175352 0.056654409 0.001058414 0.998393297 0.536134660
0.998393834 0.000002895 -0.056654256 -0.063654408 -0.000062835 0.999999464 -0.001056210 -0.003175908 0.056654222 0.001058074 0.998393297 0.536134481
0.998393774 -0.000040096 -0.056655444 -0.063001692 -0.000018541 0.999999464 -0.001034452 -0.003482504 0.056655455 0.001033841 0.998393238 0.534644306
0.998393774 -0.000039531 -0.056655481 -0.063002810 -0.000019128 0.999999464 -0.001034832 -0.003474159 0.056655493 0.001034254 0.998393238 0.534660578
0.998393953 -0.000006067 -0.056652322 -0.063324220 -0.000053372 0.999999464 -0.001047685 -0.003395557 0.056652296 0.001049026 0.998393416 0.535193682
0.998394072 -0.000008329 -0.056650028 -0.063059770 -0.000050782 0.999999464 -0.001042001 -0.003582726 0.056650005 0.001043205 0.998393536 0.534397304
0.998393953 -0.000065658 -0.056652870 -0.062741816 0.000007477 0.999999464 -0.001027200 -0.003443419 0.056652907 0.001025126 0.998393416 0.533819854
0.998394310 -0.000034121 -0.056645893 -0.062109217 -0.000023585 0.999999464 -0.001018045 -0.004076106 0.056645900 0.001017746 0.998393834 0.531696022
0.998394489 -0.000055891 -0.056642737 -0.061117779 -0.000000518 0.999999523 -0.000995852 -0.004621437 0.056642767 0.000994283 0.998394012 0.529086947
0.998394489 -0.000056451 -0.056643009 -0.061114114 0.000000057 0.999999523 -0.000995603 -0.004624753 0.056643039 0.000994001 0.998394012 0.529093146
0.998394787 -0.000066339 -0.056638263 -0.061293066 0.000009688 0.999999523 -0.001000497 -0.004352403 0.056638304 0.000998342 0.998394251 0.529081225
0.998394787 -0.000066298 -0.056638006 -0.061297327 0.000009655 0.999999523 -0.001000346 -0.004354210 0.056638043 0.000998193 0.998394251 0.529083610
0.998394787 -0.000065946 -0.056638241 -0.061293699 0.000009287 0.999999523 -0.001000628 -0.004349975 0.056638278 0.000998496 0.998394251 0.529091299
0.998394787 -0.000066510 -0.056638192 -0.061293814 0.000009857 0.999999523 -0.001000543 -0.004350940 0.056638230 0.000998379 0.998394251 0.529084682
0.998395264 -0.000058837 -0.056629453 -0.061408158 0.000001169 0.999999464 -0.001018384 -0.004182034 0.056629483 0.001016684 0.998394728 0.529047728
0.998395264 -0.000058580 -0.056629471 -0.061407708 0.000000905 0.999999464 -0.001018481 -0.004180345 0.056629501 0.001016796 0.998394728 0.529049039
0.998395324 -0.000042254 -0.056628246 -0.061286047 -0.000015492 0.999999464 -0.001019311 -0.004313794 0.056628261 0.001018552 0.998394787 0.528673470
0.998395324 -0.000042593 -0.056628324 -0.061286710 -0.000015144 0.999999464 -0.001019147 -0.004313187 0.056628339 0.001018369 0.998394787 0.528677762
0.998395324 -0.000042416 -0.056628209 -0.061288603 -0.000015322 0.999999464 -0.001019164 -0.004310974 0.056628220 0.001018396 0.998394787 0.528682530
0.998395324 -0.000042283 -0.056628067 -0.061289616 -0.000015459 0.999999464 -0.001019221 -0.004309524 0.056628078 0.001018461 0.998394847 0.528683722
0.998395324 -0.000042046 -0.056628175 -0.061287183 -0.000015697 0.999999464 -0.001019253 -0.004310252 0.056628190 0.001018506 0.998394847 0.528683901
0.998397112 -0.000084895 -0.056597281 -0.061030395 0.000028640 0.999999523 -0.000994756 -0.004505500 0.056597337 0.000991540 0.998396575 0.527984023
0.998397112 -0.000085158 -0.056597319 -0.061029226 0.000028908 0.999999523 -0.000994670 -0.004504486 0.056597374 0.000991440 0.998396575 0.527986825
0.998397112 -0.000085072 -0.056597240 -0.061031021 0.000028819 0.999999523 -0.000994735 -0.004503723 0.056597296 0.000991509 0.998396575 0.527990699
0.998397112 -0.000085568 -0.056597136 -0.061035126 0.000029333 0.999999523 -0.000994422 -0.004507183 0.056597196 0.000991168 0.998396575 0.527989686
0.998397112 -0.000084851 -0.056597043 -0.061040334 0.000028595 0.999999523 -0.000994777 -0.004501107 0.056597099 0.000991564 0.998396635 0.527991652
0.998397112 -0.000084901 -0.056596894 -0.061042622 0.000028640 0.999999523 -0.000994885 -0.004497400 0.056596950 0.000991670 0.998396635 0.527992070
0.998397112 -0.000085088 -0.056596905 -0.061040740 0.000028834 0.999999523 -0.000994753 -0.004499508 0.056596961 0.000991527 0.998396635 0.527979672
0.998397350 -0.000096624 -0.056592915 -0.061043542 0.000040895 0.999999523 -0.000985900 -0.004672813 0.056592982 0.000982005 0.998396873 0.527435303
0.998397291 -0.000099125 -0.056593806 -0.061021157 0.000043431 0.999999523 -0.000985318 -0.004677308 0.056593876 0.000981281 0.998396814 0.527412236
0.998397291 -0.000099229 -0.056593794 -0.061022282 0.000043551 0.999999523 -0.000985048 -0.004681108 0.056593865 0.000981004 0.998396814 0.527407527
0.998397291 -0.000098139 -0.056593318 -0.060982741 0.000042453 0.999999523 -0.000985168 -0.004689129 0.056593388 0.000981186 0.998396814 0.527339756
0.998397291 -0.000098257 -0.056593351 -0.060985792 0.000042562 0.999999523 -0.000985328 -0.004683293 0.056593422 0.000981340 0.998396814 0.527355254
0.998397291 -0.000097889 -0.056593250 -0.060987115 0.000042186 0.999999523 -0.000985464 -0.004685639 0.056593318 0.000981497 0.998396814 0.527355075
0.998397291 -0.000097740 -0.056593377 -0.060983330 0.000042035 0.999999523 -0.000985500 -0.004685329 0.056593444 0.000981542 0.998396814 0.527357459
